64.0 0.0 1.0 1.5 66.0 0.0
64.0 0.0 1.0 1.5 66.0 0.0
67.0 0.0 1.0 1.0 66.0 0.0
67.0 0.0 1.0 1.0 66.0 0.0
67.0 0.0 1.0 1.0 66.0 0.0
67.0 0.0 1.0 1.0 66.0 0.0
67.0 0.0 1.0 1.0 66.0 0.0
67.0 0.0 1.0 1.0 66.0 0.0
67.0 0.0 1.0 1.0 50.0 0.0
67.0 0.0 1.0 1.0 50.0 0.0
67.0 0.0 1.0 1.0 50.0 0.0
67.0 0.0 1.0 1.0 50.0 0.0
67.0 0.0 1.0 1.0 50.0 0.0
67.0 0.0 1.0 1.0 50.0 0.0
67.0 0.0 1.0 1.0 50.0 0.0
67.0 0.0 1.0 1.0 50.0 0.0
67.0 0.0 1.0 1.0 50.0 0.0
67.0 0.0 1.0 1.0 50.0 0.0
66.0 0.0 1.0 1.0 50.0 0.0
66.0 0.0 1.0 1.0 50.0 0.0
66.0 0.0 1.0 1.0 50.0 0.0
66.0 0.0 1.0 1.0 50.0 0.0
66.0 0.0 1.0 1.5 50.0 0.0
66.0 0.0 1.0 2.1 50.0 0.0
66.0 0.0 1.0 1.0 50.0 0.0
66.0 0.0 1.0 1.0 50.0 0.0
66.0 0.0 1.0 1.0 50.0 0.0
66.0 0.0 1.0 1.0 50.0 0.0
66.0 0.0 1.0 1.0 50.0 0.0
66.0 0.0 1.0 1.0 50.0 0.0
66.0 0.0 1.0 1.0 50.0 0.0
66.0 0.0 1.0 1.0 50.0 0.0
66.0 0.0 1.0 1.0 50.0 0.0
66.0 0.0 1.0 1.5 50.0 0.0
66.0 0.0 1.0 1.4 50.0 0.0
66.0 0.0 1.0 1.0 50.0 0.0
66.0 0.0 1.0 1.0 50.0 0.0
66.0 0.0 1.0 1.0 50.0 0.0
50.0 0.0 0.0 2.4 52.0 0.0
50.0 0.0 0.0 1.3 52.0 0.0
50.0 0.0 0.0 1.0 52.0 0.0
50.0 0.0 0.0 1.0 52.0 0.0
50.0 0.0 0.0 1.0 52.0 0.0
50.0 0.0 0.0 1.5 52.0 0.0
50.0 0.0 0.0 1.5 52.0 0.0
50.0 0.0 0.0 2.0 52.0 0.0
50.0 0.0 0.0 2.4 52.0 0.0
50.0 0.0 0.0 2.4 52.0 0.0
50.0 0.0 0.0 2.1 52.0 0.0
50.0 0.0 0.0 1.9 52.0 0.0
50.0 0.0 0.0 1.9 52.0 0.0
50.0 0.0 0.0 1.9 52.0 0.0
50.0 0.0 0.0 1.9 52.0 0.0
50.0 0.0 0.0 1.9 52.0 0.0
50.0 0.0 0.0 1.0 52.0 0.0
50.0 0.0 0.0 2.6 52.0 0.0
50.0 0.0 0.0 3.0 52.0 0.0
50.0 0.0 0.0 2.6 52.0 0.0
50.0 0.0 0.0 2.1 52.0 0.0
50.0 0.0 1.0 2.1 52.0 0.0
50.0 0.0 1.0 1.7 52.0 0.0
50.0 0.0 1.0 1.7 52.0 0.0
50.0 0.0 1.0 1.8 52.0 0.0
50.0 0.0 1.0 2.1 55.0 0.0
50.0 0.0 1.0 2.2 55.0 0.0
50.0 0.0 0.0 2.1 55.0 0.0
50.0 0.0 0.0 2.0 55.0 0.0
50.0 0.0 0.0 1.7 55.0 0.0
52.0 0.0 0.0 1.7 55.0 0.0
52.0 0.0 0.0 1.7 55.0 0.0
52.0 0.0 0.0 1.8 55.0 0.0
52.0 0.0 0.0 2.1 55.0 0.0
52.0 0.0 0.0 2.1 55.0 0.0
52.0 0.0 0.0 2.1 55.0 0.0
52.0 0.0 0.0 2.1 55.0 0.0
52.0 0.0 0.0 1.4 55.0 0.0
52.0 0.0 0.0 1.2 55.0 0.0
52.0 0.0 0.0 1.2 55.0 0.0
52.0 0.0 0.0 1.3 55.0 0.0
52.0 0.0 0.0 1.3 55.0 0.0
52.0 0.0 0.0 1.3 55.0 0.0
52.0 0.0 0.0 2.6 55.0 0.0
52.0 0.0 0.0 2.1 55.0 0.0
52.0 0.0 0.0 1.8 73.0 0.0
52.0 0.0 0.0 1.5 73.0 0.0
52.0 0.0 0.0 1.3 73.0 0.0
52.0 0.0 0.0 1.5 73.0 0.0
52.0 0.0 0.0 1.6 73.0 0.0
52.0 0.0 0.0 1.6 73.0 0.0
52.0 0.0 0.0 1.6 73.0 0.0
52.0 0.0 0.0 1.7 73.0 0.0
52.0 0.0 0.0 1.7 73.0 0.0
52.0 0.0 0.0 1.8 73.0 0.0
55.0 0.0 0.0 1.9 73.0 0.0
55.0 0.0 0.0 2.0 73.0 0.0
55.0 0.0 0.0 1.7 73.0 0.0
55.0 0.0 0.0 1.3 73.0 0.0
55.0 0.0 0.0 1.2 73.0 0.0
55.0 0.0 1.0 1.2 73.0 0.0
55.0 0.0 1.0 1.2 74.0 0.0
55.0 0.0 1.0 1.2 74.0 0.0
55.0 0.0 1.0 1.0 74.0 0.0
55.0 0.0 1.0 1.0 74.0 0.0
55.0 0.0 1.0 1.2 74.0 0.0
55.0 0.0 1.0 1.0 74.0 0.0
55.0 0.0 1.0 1.0 74.0 0.0
55.0 0.0 1.0 1.3 74.0 0.0
55.0 0.0 1.0 1.3 74.0 0.0
55.0 0.0 1.0 1.2 74.0 0.0
55.0 0.0 0.0 1.2 74.0 0.0
55.0 0.0 0.0 1.2 74.0 0.0
55.0 0.0 0.0 1.0 74.0 0.0
55.0 0.0 0.0 1.0 74.0 0.0
73.0 0.0 0.0 1.3 74.0 0.0
73.0 0.0 0.0 1.6 74.0 0.0
73.0 0.0 0.0 1.7 74.0 0.0
73.0 0.0 1.0 1.4 74.0 0.0
73.0 0.0 1.0 1.0 74.0 0.0
73.0 0.0 1.0 1.0 74.0 0.0
73.0 0.0 1.0 1.0 74.0 0.0
73.0 0.0 0.0 1.0 74.0 0.0
73.0 0.0 1.0 1.2 74.0 0.0
73.0 0.0 1.0 1.0 74.0 0.0
73.0 0.0 0.0 1.0 74.0 0.0
73.0 0.0 0.0 1.0 74.0 0.0
73.0 0.0 0.0 1.2 74.0 0.0
73.0 0.0 0.0 1.0 74.0 0.0
73.0 0.0 0.0 1.0 73.0 0.0
73.0 0.0 0.0 1.0 73.0 0.0
74.0 0.0 0.0 1.0 73.0 0.0
74.0 0.0 0.0 1.0 73.0 0.0
74.0 0.0 1.0 1.0 73.0 0.0
74.0 0.0 0.0 1.0 73.0 0.0
74.0 0.0 0.0 1.0 73.0 0.0
74.0 0.0 0.0 1.5 73.0 0.0
74.0 0.0 0.0 1.4 73.0 0.0
74.0 0.0 0.0 1.0 73.0 0.0
74.0 0.0 0.0 1.0 73.0 0.0
74.0 0.0 0.0 1.0 73.0 0.0
74.0 0.0 0.0 1.0 73.0 0.0
74.0 0.0 0.0 1.0 73.0 0.0
74.0 0.0 0.0 1.0 73.0 0.0
74.0 0.0 1.0 1.6 73.0 0.0
74.0 0.0 1.0 1.8 73.0 0.0
74.0 0.0 0.0 1.8 73.0 0.0
74.0 0.0 0.0 1.7 73.0 0.0
74.0 0.0 0.0 1.6 73.0 0.0
74.0 0.0 0.0 1.2 73.0 0.0
74.0 0.0 0.0 1.0 73.0 0.0
74.0 0.0 1.0 1.0 73.0 0.0
74.0 0.0 1.0 1.0 73.0 0.0
74.0 0.0 1.0 1.0 73.0 0.0
74.0 0.0 0.0 1.0 73.0 0.0
74.0 0.0 0.0 1.2 73.0 0.0
74.0 0.0 0.0 1.4 73.0 0.0
74.0 0.0 0.0 1.0 73.0 0.0
74.0 0.0 1.0 1.0 73.0 0.0
73.0 0.0 1.0 1.0 73.0 0.0
73.0 0.0 1.0 1.0 73.0 0.0
73.0 0.0 1.0 1.0 73.0 0.0
73.0 0.0 1.0 1.0 73.0 0.0
73.0 0.0 1.0 1.3 73.0 0.0
73.0 0.0 1.0 1.6 73.0 0.0
73.0 0.0 1.0 1.9 73.0 0.0
73.0 0.0 1.0 1.5 73.0 0.0
73.0 0.0 1.0 1.0 73.0 0.0
73.0 0.0 1.0 1.0 73.0 0.0
73.0 0.0 1.0 1.0 73.0 0.0
73.0 0.0 1.0 1.0 73.0 0.0
73.0 0.0 1.0 1.0 73.0 0.0
73.0 0.0 1.0 1.0 73.0 0.0
73.0 0.0 1.0 1.0 73.0 0.0
73.0 0.0 1.0 1.0 73.0 0.0
73.0 0.0 1.0 1.0 73.0 0.0
73.0 0.0 1.0 1.0 73.0 0.0
73.0 0.0 1.0 1.0 73.0 0.0
73.0 0.0 1.0 1.0 73.0 0.0
73.0 0.0 1.0 1.0 73.0 0.0
73.0 0.0 1.0 1.0 73.0 0.0
73.0 0.0 1.0 1.5 73.0 0.0
73.0 0.0 1.0 1.3 73.0 0.0
73.0 0.0 1.0 1.0 73.0 0.0
73.0 0.0 1.0 1.0 73.0 0.0
73.0 0.0 1.0 1.0 73.0 0.0
73.0 0.0 1.0 1.0 73.0 0.0
73.0 0.0 1.0 1.0 73.0 0.0
73.0 0.0 1.0 1.0 73.0 0.0
73.0 0.0 1.0 1.0 73.0 0.0
73.0 0.0 1.0 1.0 73.0 0.0
73.0 0.0 1.0 1.0 73.0 0.0
73.0 0.0 1.0 1.0 73.0 0.0
73.0 0.0 1.0 1.4 73.0 0.0
73.0 0.0 1.0 1.3 72.0 0.0
73.0 0.0 0.0 1.0 72.0 0.0
73.0 0.0 0.0 1.0 72.0 0.0
73.0 0.0 0.0 1.0 72.0 0.0
73.0 0.0 0.0 1.0 72.0 0.0
73.0 0.0 0.0 1.0 72.0 0.0
73.0 0.0 0.0 1.0 72.0 0.0
73.0 0.0 0.0 1.0 72.0 0.0
73.0 0.0 0.0 1.0 72.0 0.0
73.0 0.0 0.0 1.2 72.0 0.0
73.0 0.0 0.0 1.4 72.0 0.0
73.0 0.0 0.0 1.2 72.0 0.0
73.0 0.0 0.0 1.0 72.0 0.0
73.0 0.0 0.0 1.0 72.0 0.0
73.0 0.0 0.0 1.0 72.0 0.0
73.0 0.0 0.0 1.0 72.0 0.0
73.0 0.0 0.0 1.3 72.0 0.0
73.0 0.0 0.0 1.4 72.0 0.0
73.0 0.0 0.0 1.7 72.0 0.0
73.0 0.0 1.0 2.0 72.0 0.0
73.0 0.0 1.0 1.8 72.0 0.0
73.0 0.0 1.0 1.3 72.0 0.0
73.0 0.0 0.0 1.3 72.0 0.0
73.0 0.0 0.0 1.0 72.0 0.0
73.0 0.0 0.0 1.0 72.0 0.0
73.0 0.0 0.0 1.0 72.0 0.0
73.0 0.0 0.0 1.0 72.0 0.0
73.0 0.0 0.0 1.0 72.0 0.0
73.0 0.0 0.0 1.0 72.0 0.0
73.0 0.0 0.0 1.0 71.0 0.0
72.0 0.0 0.0 1.3 71.0 0.0
72.0 0.0 0.0 1.5 71.0 0.0
72.0 0.0 0.0 1.6 71.0 0.0
72.0 0.0 0.0 1.5 71.0 0.0
72.0 0.0 0.0 1.2 71.0 0.0
72.0 0.0 0.0 1.0 71.0 0.0
72.0 0.0 0.0 1.0 71.0 0.0
72.0 0.0 0.0 1.0 71.0 0.0
72.0 0.0 0.0 1.0 71.0 0.0
72.0 0.0 0.0 1.0 60.0 0.0
72.0 0.0 0.0 1.0 60.0 0.0
72.0 0.0 0.0 1.0 60.0 0.0
72.0 0.0 0.0 1.0 60.0 0.0
72.0 0.0 0.0 1.0 60.0 0.0
72.0 0.0 0.0 1.0 60.0 0.0
72.0 0.0 0.0 1.0 60.0 0.0
72.0 0.0 0.0 1.0 60.0 0.0
72.0 0.0 0.0 1.0 60.0 0.0
72.0 0.0 1.0 1.0 60.0 0.0
72.0 0.0 1.0 1.0 60.0 0.0
72.0 0.0 1.0 1.0 60.0 0.0
72.0 0.0 1.0 1.0 60.0 0.0
72.0 0.0 0.0 1.0 60.0 0.0
72.0 0.0 0.0 1.0 60.0 0.0
72.0 0.0 0.0 1.0 60.0 0.0
72.0 0.0 0.0 1.0 60.0 0.0
72.0 0.0 0.0 1.0 60.0 0.0
72.0 0.0 1.0 1.0 60.0 0.0
72.0 0.0 1.0 1.0 60.0 0.0
71.0 0.0 1.0 1.0 60.0 0.0
71.0 0.0 1.0 1.0 60.0 0.0
71.0 0.0 1.0 1.0 60.0 0.0
71.0 0.0 1.0 1.0 60.0 0.0
71.0 0.0 1.0 1.0 60.0 0.0
71.0 0.0 1.0 1.0 60.0 0.0
71.0 0.0 1.0 1.0 60.0 0.0
71.0 0.0 1.0 1.0 60.0 0.0
71.0 0.0 1.0 1.0 61.0 0.0
71.0 0.0 1.0 1.0 61.0 0.0
60.0 0.0 0.0 1.0 61.0 0.0
60.0 0.0 0.0 1.0 61.0 0.0
60.0 0.0 0.0 1.0 60.0 0.0
60.0 0.0 0.0 1.0 60.0 0.0
60.0 0.0 1.0 1.0 60.0 0.0
60.0 0.0 0.0 1.0 60.0 0.0
60.0 0.0 1.0 1.0 60.0 0.0
60.0 0.0 0.0 1.0 60.0 0.0
60.0 0.0 0.0 1.0 60.0 0.0
60.0 0.0 0.0 1.0 60.0 0.0
60.0 0.0 0.0 1.0 60.0 0.0
60.0 0.0 0.0 1.0 60.0 0.0
60.0 0.0 0.0 1.0 60.0 0.0
60.0 0.0 0.0 1.0 60.0 0.0
60.0 0.0 0.0 1.0 60.0 0.0
60.0 0.0 1.0 1.0 60.0 0.0
60.0 0.0 1.0 1.0 60.0 0.0
60.0 0.0 1.0 1.0 60.0 0.0
60.0 0.0 1.0 1.0 60.0 0.0
60.0 0.0 1.0 1.0 60.0 0.0
60.0 0.0 1.0 1.0 60.0 0.0
60.0 0.0 1.0 1.0 60.0 0.0
60.0 0.0 1.0 1.0 60.0 0.0
60.0 0.0 1.0 1.0 60.0 0.0
60.0 0.0 1.0 1.0 60.0 0.0
60.0 0.0 0.0 1.0 60.0 0.0
60.0 0.0 0.0 1.0 60.0 0.0
60.0 0.0 0.0 1.0 60.0 0.0
61.0 0.0 0.0 1.0 60.0 0.0
61.0 0.0 0.0 1.0 60.0 0.0
61.0 0.0 0.0 1.0 60.0 0.0
61.0 0.0 0.0 1.0 60.0 0.0
60.0 0.0 0.0 1.0 60.0 0.0
60.0 0.0 0.0 1.0 60.0 0.0
60.0 0.0 0.0 1.0 60.0 0.0
60.0 0.0 0.0 1.0 60.0 0.0
60.0 0.0 0.0 1.0 59.0 0.0
60.0 0.0 1.0 1.0 59.0 0.0
60.0 0.0 1.0 1.2 59.0 0.0
60.0 0.0 1.0 1.0 59.0 0.0
60.0 0.0 1.0 1.0 59.0 0.0
60.0 0.0 1.0 1.2 59.0 0.0
