49.0 0.0 1.0 1.0 66.0 0.0
49.0 0.0 1.0 1.0 66.0 0.0
61.0 0.0 1.0 1.0 66.0 0.0
61.0 0.0 1.0 1.0 66.0 0.0
64.0 0.0 1.0 1.9 66.0 0.0
64.0 0.0 1.0 1.4 66.0 0.0
64.0 0.0 1.0 1.2 66.0 0.0
64.0 0.0 1.0 1.2 66.0 0.0
64.0 0.0 1.0 1.2 66.0 0.0
64.0 0.0 1.0 1.5 66.0 0.0
64.0 0.0 1.0 1.7 66.0 0.0
64.0 0.0 1.0 1.7 66.0 0.0
64.0 0.0 1.0 1.9 66.0 0.0
64.0 0.0 1.0 1.9 66.0 0.0
64.0 0.0 1.0 2.0 66.0 0.0
64.0 0.0 1.0 1.7 66.0 0.0
64.0 0.0 1.0 1.7 66.0 0.0
64.0 0.0 1.0 1.7 66.0 0.0
64.0 0.0 1.0 1.4 66.0 0.0
64.0 0.0 1.0 1.0 66.0 0.0
64.0 0.0 1.0 1.0 66.0 0.0
64.0 0.0 1.0 1.0 66.0 0.0
64.0 0.0 1.0 1.0 66.0 0.0
64.0 0.0 1.0 1.0 66.0 0.0
64.0 0.0 1.0 1.2 66.0 0.0
67.0 0.0 1.0 1.0 66.0 0.0
67.0 0.0 1.0 1.0 66.0 0.0
67.0 0.0 1.0 1.0 66.0 0.0
67.0 0.0 1.0 1.0 66.0 0.0
66.0 0.0 1.0 1.2 66.0 0.0
66.0 0.0 1.0 1.2 66.0 0.0
66.0 0.0 1.0 1.0 66.0 0.0
66.0 0.0 1.0 1.0 66.0 0.0
66.0 0.0 1.0 1.0 66.0 0.0
66.0 0.0 1.0 1.0 66.0 0.0
66.0 0.0 1.0 1.0 66.0 0.0
66.0 0.0 1.0 1.0 66.0 0.0
66.0 0.0 1.0 1.0 66.0 0.0
66.0 0.0 1.0 1.0 66.0 0.0
66.0 0.0 1.0 1.0 66.0 0.0
66.0 0.0 1.0 1.0 66.0 0.0
66.0 0.0 1.0 1.0 66.0 0.0
66.0 0.0 1.0 1.4 66.0 0.0
66.0 0.0 1.0 1.4 66.0 0.0
66.0 0.0 1.0 1.2 66.0 0.0
66.0 0.0 1.0 1.0 66.0 0.0
66.0 0.0 1.0 1.0 66.0 0.0
66.0 0.0 1.0 1.0 66.0 0.0
66.0 0.0 1.0 1.0 66.0 0.0
66.0 0.0 1.0 1.0 66.0 0.0
66.0 0.0 1.0 1.0 65.0 0.0
66.0 0.0 1.0 1.0 65.0 0.0
66.0 0.0 1.0 1.0 50.0 0.0
66.0 0.0 1.0 1.3 50.0 0.0
66.0 0.0 1.0 1.3 50.0 0.0
66.0 0.0 1.0 1.8 50.0 0.0
66.0 0.0 1.0 1.8 50.0 0.0
66.0 0.0 1.0 2.4 50.0 0.0
66.0 0.0 1.0 2.4 50.0 0.0
66.0 0.0 1.0 2.9 50.0 0.0
66.0 0.0 1.0 2.9 50.0 0.0
66.0 0.0 1.0 2.8 50.0 0.0
66.0 0.0 1.0 2.8 50.0 0.0
66.0 0.0 1.0 2.0 50.0 0.0
66.0 0.0 1.0 2.0 50.0 0.0
66.0 0.0 1.0 1.5 50.0 0.0
66.0 0.0 1.0 1.5 50.0 0.0
66.0 0.0 1.0 1.5 50.0 0.0
66.0 0.0 1.0 1.0 50.0 0.0
66.0 0.0 1.0 1.0 50.0 0.0
66.0 0.0 1.0 1.0 50.0 0.0
66.0 0.0 1.0 1.0 50.0 0.0
66.0 0.0 1.0 1.0 50.0 0.0
66.0 0.0 1.0 1.0 50.0 0.0
66.0 0.0 1.0 1.0 50.0 0.0
66.0 0.0 1.0 1.0 50.0 0.0
66.0 0.0 1.0 1.2 50.0 0.0
66.0 0.0 1.0 1.0 50.0 0.0
66.0 0.0 1.0 1.0 50.0 0.0
66.0 0.0 1.0 1.0 50.0 0.0
65.0 0.0 1.0 1.0 50.0 0.0
65.0 0.0 1.0 1.0 50.0 0.0
50.0 0.0 1.0 1.8 50.0 0.0
50.0 0.0 1.0 1.3 50.0 0.0
50.0 0.0 1.0 1.0 50.0 0.0
50.0 0.0 1.0 1.0 50.0 0.0
50.0 0.0 1.0 1.0 50.0 0.0
50.0 0.0 1.0 1.3 50.0 0.0
50.0 0.0 1.0 1.3 50.0 0.0
50.0 0.0 1.0 1.8 50.0 0.0
50.0 0.0 1.0 1.9 50.0 0.0
50.0 0.0 1.0 1.4 52.0 0.0
50.0 0.0 1.0 1.0 52.0 0.0
50.0 0.0 1.0 1.0 52.0 0.0
50.0 0.0 1.0 1.0 52.0 0.0
50.0 0.0 1.0 1.0 52.0 0.0
50.0 0.0 1.0 1.0 52.0 0.0
50.0 0.0 1.0 1.0 52.0 0.0
50.0 0.0 1.0 1.5 52.0 0.0
50.0 0.0 1.0 1.9 52.0 0.0
50.0 0.0 1.0 1.9 52.0 0.0
50.0 0.0 1.0 1.8 52.0 0.0
50.0 0.0 1.0 1.7 52.0 0.0
50.0 0.0 1.0 1.7 52.0 0.0
50.0 0.0 1.0 1.8 52.0 0.0
50.0 0.0 1.0 1.8 52.0 0.0
50.0 0.0 1.0 1.7 52.0 0.0
50.0 0.0 1.0 1.8 52.0 0.0
50.0 0.0 1.0 2.2 52.0 0.0
50.0 0.0 1.0 2.4 52.0 0.0
50.0 0.0 1.0 1.9 52.0 0.0
50.0 0.0 1.0 1.9 52.0 0.0
50.0 0.0 1.0 1.6 52.0 0.0
50.0 0.0 1.0 1.3 52.0 0.0
50.0 0.0 1.0 1.2 52.0 0.0
50.0 0.0 1.0 1.2 52.0 0.0
50.0 0.0 1.0 1.4 52.0 0.0
50.0 0.0 1.0 1.6 55.0 0.0
50.0 0.0 1.0 1.9 55.0 0.0
50.0 0.0 1.0 1.9 55.0 0.0
50.0 0.0 1.0 1.8 55.0 0.0
52.0 0.0 1.0 1.6 55.0 0.0
52.0 0.0 1.0 1.5 74.0 0.0
52.0 0.0 1.0 1.5 74.0 0.0
52.0 0.0 1.0 1.4 74.0 0.0
52.0 0.0 1.0 1.3 74.0 0.0
52.0 0.0 1.0 1.3 74.0 0.0
52.0 0.0 1.0 1.4 74.0 0.0
52.0 0.0 1.0 1.4 74.0 0.0
52.0 0.0 1.0 1.4 74.0 0.0
52.0 0.0 1.0 1.4 74.0 0.0
52.0 0.0 1.0 1.3 74.0 0.0
52.0 0.0 1.0 1.3 73.0 0.0
52.0 0.0 1.0 1.4 73.0 0.0
52.0 0.0 1.0 1.4 73.0 0.0
52.0 0.0 1.0 1.8 73.0 0.0
52.0 0.0 1.0 2.2 73.0 0.0
52.0 0.0 1.0 2.2 73.0 0.0
52.0 0.0 1.0 1.8 73.0 0.0
52.0 0.0 1.0 1.4 73.0 0.0
52.0 0.0 1.0 1.0 73.0 0.0
52.0 0.0 1.0 1.0 73.0 0.0
52.0 0.0 1.0 1.0 73.0 0.0
52.0 0.0 1.0 1.0 73.0 0.0
52.0 0.0 1.0 1.0 73.0 0.0
52.0 0.0 1.0 1.0 73.0 0.0
52.0 0.0 1.0 1.0 73.0 0.0
55.0 0.0 1.0 1.0 73.0 0.0
55.0 0.0 1.0 1.0 73.0 0.0
55.0 0.0 1.0 1.0 73.0 0.0
55.0 0.0 1.0 1.0 73.0 0.0
55.0 0.0 1.0 1.0 73.0 0.0
74.0 0.0 1.0 1.2 73.0 0.0
74.0 0.0 1.0 1.0 73.0 0.0
74.0 0.0 1.0 1.0 73.0 0.0
74.0 0.0 1.0 1.0 73.0 0.0
74.0 0.0 1.0 1.0 73.0 0.0
74.0 0.0 1.0 1.0 73.0 0.0
74.0 0.0 1.0 1.0 73.0 0.0
74.0 0.0 1.0 1.0 73.0 0.0
74.0 0.0 1.0 1.4 73.0 0.0
74.0 0.0 1.0 1.0 73.0 0.0
73.0 0.0 1.0 1.0 73.0 0.0
73.0 0.0 1.0 1.0 73.0 0.0
73.0 0.0 1.0 1.0 73.0 0.0
73.0 0.0 1.0 1.0 73.0 0.0
73.0 0.0 1.0 1.5 73.0 0.0
73.0 0.0 1.0 1.4 73.0 0.0
73.0 0.0 1.0 1.3 73.0 0.0
73.0 0.0 1.0 1.0 73.0 0.0
73.0 0.0 1.0 1.0 73.0 0.0
73.0 0.0 1.0 1.0 73.0 0.0
73.0 0.0 1.0 1.0 73.0 0.0
73.0 0.0 1.0 1.0 73.0 0.0
73.0 0.0 1.0 1.0 73.0 0.0
73.0 0.0 1.0 1.0 71.0 0.0
73.0 0.0 1.0 1.0 71.0 0.0
73.0 0.0 1.0 1.0 71.0 0.0
73.0 0.0 1.0 1.0 71.0 0.0
73.0 0.0 1.0 1.0 71.0 0.0
73.0 0.0 1.0 1.0 71.0 0.0
73.0 0.0 1.0 1.0 71.0 0.0
73.0 0.0 1.0 1.0 71.0 0.0
73.0 0.0 1.0 1.2 71.0 0.0
73.0 0.0 1.0 1.4 71.0 0.0
73.0 0.0 1.0 1.2 71.0 0.0
73.0 0.0 1.0 1.0 71.0 0.0
73.0 0.0 1.0 1.0 60.0 0.0
73.0 0.0 1.0 1.0 60.0 0.0
73.0 0.0 1.0 1.0 60.0 0.0
73.0 0.0 1.0 1.0 60.0 0.0
73.0 0.0 1.0 1.0 60.0 0.0
73.0 0.0 1.0 1.0 60.0 0.0
73.0 0.0 1.0 1.0 60.0 0.0
73.0 0.0 1.0 1.0 60.0 0.0
73.0 0.0 1.0 1.0 60.0 0.0
73.0 0.0 1.0 1.0 60.0 0.0
73.0 0.0 1.0 1.0 60.0 0.0
73.0 0.0 1.0 1.3 60.0 0.0
73.0 0.0 1.0 1.0 60.0 0.0
73.0 0.0 1.0 1.0 60.0 0.0
73.0 0.0 1.0 1.0 60.0 0.0
73.0 0.0 1.0 1.0 60.0 0.0
73.0 0.0 1.0 1.0 60.0 0.0
73.0 0.0 1.0 1.0 60.0 0.0
71.0 0.0 1.0 1.0 60.0 0.0
71.0 0.0 1.0 1.0 60.0 0.0
71.0 0.0 1.0 1.0 59.0 0.0
71.0 0.0 1.0 1.0 59.0 0.0
71.0 0.0 1.0 1.0 59.0 0.0
