49.0 0.0 1.0 1.0 64.0 0.0
49.0 0.0 1.0 1.0 64.0 0.0
55.0 0.0 1.0 1.0 64.0 0.0
55.0 0.0 1.0 1.0 64.0 0.0
55.0 0.0 1.0 1.0 64.0 0.0
55.0 0.0 1.0 1.0 64.0 0.0
64.0 0.0 1.0 1.2 64.0 0.0
64.0 0.0 1.0 1.2 64.0 0.0
64.0 0.0 1.0 1.0 64.0 0.0
64.0 0.0 1.0 1.0 67.0 0.0
64.0 0.0 1.0 1.0 67.0 0.0
64.0 0.0 1.0 1.0 67.0 0.0
64.0 0.0 1.0 1.0 67.0 0.0
64.0 0.0 1.0 1.0 67.0 0.0
64.0 0.0 1.0 1.0 67.0 0.0
64.0 0.0 1.0 1.0 67.0 0.0
64.0 0.0 1.0 1.0 67.0 0.0
64.0 0.0 1.0 1.0 67.0 0.0
64.0 0.0 1.0 1.0 67.0 0.0
64.0 0.0 1.0 1.0 67.0 0.0
64.0 0.0 1.0 1.0 67.0 0.0
64.0 0.0 1.0 1.0 67.0 0.0
64.0 0.0 1.0 1.0 67.0 0.0
64.0 0.0 1.0 1.0 67.0 0.0
64.0 0.0 1.0 1.0 67.0 0.0
64.0 0.0 1.0 1.0 67.0 0.0
64.0 0.0 1.0 1.0 67.0 0.0
64.0 0.0 1.0 1.0 67.0 0.0
64.0 0.0 1.0 1.0 67.0 0.0
64.0 0.0 1.0 1.0 67.0 0.0
64.0 0.0 1.0 1.0 67.0 0.0
64.0 0.0 1.0 1.0 67.0 0.0
64.0 0.0 1.0 1.0 67.0 0.0
64.0 0.0 1.0 1.0 67.0 0.0
64.0 0.0 1.0 1.0 67.0 0.0
64.0 0.0 1.0 1.0 67.0 0.0
64.0 0.0 1.0 1.0 67.0 0.0
64.0 0.0 1.0 1.0 67.0 0.0
64.0 0.0 1.0 1.0 67.0 0.0
67.0 0.0 1.0 1.0 67.0 0.0
67.0 0.0 1.0 1.0 67.0 0.0
67.0 0.0 1.0 1.0 67.0 0.0
67.0 0.0 1.0 1.0 67.0 0.0
67.0 0.0 1.0 1.0 67.0 0.0
67.0 0.0 1.0 1.0 67.0 0.0
67.0 0.0 1.0 1.5 67.0 0.0
67.0 0.0 1.0 1.5 67.0 0.0
67.0 0.0 1.0 1.9 67.0 0.0
67.0 0.0 1.0 1.9 67.0 0.0
67.0 0.0 1.0 1.6 67.0 0.0
67.0 0.0 1.0 1.6 67.0 0.0
67.0 0.0 1.0 1.6 67.0 0.0
67.0 0.0 1.0 1.6 66.0 0.0
67.0 0.0 1.0 1.0 66.0 0.0
67.0 0.0 1.0 1.0 66.0 0.0
67.0 0.0 1.0 1.0 66.0 0.0
67.0 0.0 1.0 1.0 66.0 0.0
67.0 0.0 1.0 1.0 66.0 0.0
67.0 0.0 1.0 1.0 66.0 0.0
67.0 0.0 1.0 1.0 66.0 0.0
67.0 0.0 1.0 1.0 66.0 0.0
67.0 0.0 1.0 1.0 66.0 0.0
67.0 0.0 1.0 1.0 66.0 0.0
67.0 0.0 1.0 1.3 66.0 0.0
67.0 0.0 1.0 1.0 66.0 0.0
67.0 0.0 1.0 1.0 66.0 0.0
67.0 0.0 1.0 1.0 66.0 0.0
67.0 0.0 1.0 1.0 66.0 0.0
67.0 0.0 1.0 1.0 66.0 0.0
67.0 0.0 1.0 1.0 66.0 0.0
67.0 0.0 1.0 1.0 66.0 0.0
67.0 0.0 1.0 1.0 66.0 0.0
67.0 0.0 1.0 1.0 66.0 0.0
67.0 0.0 1.0 1.0 66.0 0.0
67.0 0.0 1.0 1.0 66.0 0.0
67.0 0.0 1.0 1.0 66.0 0.0
67.0 0.0 1.0 1.0 66.0 0.0
67.0 0.0 1.0 1.0 66.0 0.0
67.0 0.0 1.0 1.0 66.0 0.0
67.0 0.0 1.0 1.0 66.0 0.0
67.0 0.0 1.0 1.0 66.0 0.0
67.0 0.0 1.0 1.0 66.0 0.0
66.0 0.0 1.0 1.0 66.0 0.0
66.0 0.0 1.0 1.0 66.0 0.0
66.0 0.0 1.0 1.0 66.0 0.0
66.0 0.0 1.0 1.0 66.0 0.0
66.0 0.0 1.0 1.0 66.0 0.0
66.0 0.0 1.0 1.0 66.0 0.0
66.0 0.0 1.0 1.0 66.0 0.0
66.0 0.0 1.0 1.0 66.0 0.0
66.0 0.0 1.0 1.0 66.0 0.0
66.0 0.0 1.0 1.0 66.0 0.0
66.0 0.0 1.0 1.0 66.0 0.0
66.0 0.0 1.0 1.0 66.0 0.0
66.0 0.0 1.0 1.0 66.0 0.0
66.0 0.0 1.0 1.0 66.0 0.0
66.0 0.0 1.0 1.0 66.0 0.0
66.0 0.0 1.0 1.0 66.0 0.0
66.0 0.0 1.0 1.0 66.0 0.0
66.0 0.0 1.0 1.0 66.0 0.0
66.0 0.0 1.0 1.0 66.0 0.0
66.0 0.0 1.0 1.0 66.0 0.0
66.0 0.0 1.0 1.0 66.0 0.0
66.0 0.0 1.0 1.0 66.0 0.0
66.0 0.0 1.0 1.0 66.0 0.0
66.0 0.0 1.0 1.5 66.0 0.0
66.0 0.0 1.0 1.5 66.0 0.0
66.0 0.0 1.0 1.5 66.0 0.0
66.0 0.0 1.0 1.8 50.0 0.0
66.0 0.0 1.0 1.8 50.0 0.0
66.0 0.0 1.0 1.5 50.0 0.0
66.0 0.0 1.0 1.5 50.0 0.0
66.0 0.0 1.0 1.2 50.0 0.0
66.0 0.0 1.0 1.2 50.0 0.0
66.0 0.0 1.0 1.0 50.0 0.0
66.0 0.0 1.0 1.0 50.0 0.0
66.0 0.0 1.0 1.0 50.0 0.0
66.0 0.0 1.0 1.5 50.0 0.0
66.0 0.0 1.0 1.7 50.0 0.0
66.0 0.0 1.0 1.7 50.0 0.0
66.0 0.0 1.0 1.7 50.0 0.0
66.0 0.0 1.0 1.2 50.0 0.0
66.0 0.0 1.0 1.2 50.0 0.0
66.0 0.0 1.0 1.0 50.0 0.0
66.0 0.0 1.0 1.0 50.0 0.0
66.0 0.0 1.0 1.0 50.0 0.0
66.0 0.0 1.0 1.0 50.0 0.0
66.0 0.0 1.0 1.0 50.0 0.0
66.0 0.0 1.0 1.0 50.0 0.0
66.0 0.0 1.0 1.0 50.0 0.0
66.0 0.0 1.0 1.0 50.0 0.0
66.0 0.0 1.0 1.0 50.0 0.0
66.0 0.0 1.0 1.0 50.0 0.0
66.0 0.0 1.0 1.0 50.0 0.0
66.0 0.0 1.0 1.0 50.0 0.0
66.0 0.0 1.0 1.0 50.0 0.0
66.0 0.0 1.0 1.0 50.0 0.0
66.0 0.0 1.0 1.0 50.0 0.0
50.0 0.0 1.0 1.8 50.0 0.0
50.0 0.0 1.0 1.5 50.0 0.0
50.0 0.0 1.0 1.2 50.0 0.0
50.0 0.0 1.0 1.0 50.0 0.0
50.0 0.0 1.0 1.0 50.0 0.0
50.0 0.0 1.0 1.0 50.0 0.0
50.0 0.0 1.0 1.0 50.0 0.0
50.0 0.0 1.0 1.0 50.0 0.0
50.0 0.0 1.0 1.0 50.0 0.0
50.0 0.0 1.0 1.0 50.0 0.0
50.0 0.0 1.0 1.0 52.0 0.0
50.0 0.0 1.0 1.0 52.0 0.0
50.0 0.0 1.0 1.0 52.0 0.0
50.0 0.0 1.0 1.0 52.0 0.0
50.0 0.0 1.0 1.0 52.0 0.0
50.0 0.0 1.0 1.0 52.0 0.0
50.0 0.0 1.0 1.0 52.0 0.0
50.0 0.0 1.0 1.0 52.0 0.0
50.0 0.0 1.0 1.0 52.0 0.0
50.0 0.0 1.0 1.0 52.0 0.0
50.0 0.0 1.0 1.0 52.0 0.0
50.0 0.0 1.0 1.0 52.0 0.0
50.0 0.0 1.0 1.0 52.0 0.0
50.0 0.0 1.0 1.0 52.0 0.0
50.0 0.0 1.0 1.0 52.0 0.0
50.0 0.0 1.0 1.0 52.0 0.0
50.0 0.0 1.0 1.0 52.0 0.0
50.0 0.0 1.0 1.0 52.0 0.0
50.0 0.0 1.0 1.0 52.0 0.0
50.0 0.0 1.0 1.0 52.0 0.0
50.0 0.0 1.0 1.0 52.0 0.0
50.0 0.0 1.0 1.3 52.0 0.0
50.0 0.0 1.0 1.3 52.0 0.0
50.0 0.0 1.0 1.0 52.0 0.0
50.0 0.0 1.0 1.0 55.0 0.0
50.0 0.0 1.0 1.0 55.0 0.0
50.0 0.0 1.0 1.0 55.0 0.0
50.0 0.0 1.0 1.4 55.0 0.0
50.0 0.0 1.0 1.9 55.0 0.0
50.0 0.0 1.0 2.3 55.0 0.0
52.0 0.0 1.0 1.9 55.0 0.0
52.0 0.0 1.0 1.4 55.0 0.0
52.0 0.0 1.0 1.0 55.0 0.0
52.0 0.0 1.0 1.0 55.0 0.0
52.0 0.0 1.0 1.0 55.0 0.0
52.0 0.0 1.0 1.0 55.0 0.0
52.0 0.0 1.0 1.5 55.0 0.0
52.0 0.0 1.0 1.5 55.0 0.0
52.0 0.0 1.0 1.2 55.0 0.0
52.0 0.0 1.0 1.2 55.0 0.0
52.0 0.0 1.0 1.0 55.0 0.0
52.0 0.0 1.0 1.0 55.0 0.0
52.0 0.0 1.0 1.0 55.0 0.0
52.0 0.0 1.0 1.0 55.0 0.0
52.0 0.0 1.0 1.0 73.0 0.0
52.0 0.0 1.0 1.0 73.0 0.0
52.0 0.0 1.0 1.0 73.0 0.0
52.0 0.0 1.0 1.0 73.0 0.0
52.0 0.0 1.0 1.0 73.0 0.0
52.0 0.0 1.0 1.0 73.0 0.0
52.0 0.0 1.0 1.0 74.0 0.0
52.0 0.0 1.0 1.0 74.0 0.0
52.0 0.0 1.0 1.0 74.0 0.0
52.0 0.0 1.0 1.0 74.0 0.0
55.0 0.0 1.0 1.0 74.0 0.0
55.0 0.0 1.0 1.0 74.0 0.0
55.0 0.0 1.0 1.0 74.0 0.0
55.0 0.0 1.0 1.0 73.0 0.0
55.0 0.0 1.0 1.0 73.0 0.0
55.0 0.0 1.0 1.0 73.0 0.0
55.0 0.0 1.0 1.0 73.0 0.0
55.0 0.0 1.0 1.0 73.0 0.0
55.0 0.0 1.0 1.0 73.0 0.0
55.0 0.0 1.0 1.0 73.0 0.0
55.0 0.0 1.0 1.0 73.0 0.0
55.0 0.0 1.0 1.0 73.0 0.0
55.0 0.0 1.0 1.0 73.0 0.0
55.0 0.0 1.0 1.0 73.0 0.0
55.0 0.0 1.0 1.0 73.0 0.0
55.0 0.0 1.0 1.0 73.0 0.0
55.0 0.0 1.0 1.0 73.0 0.0
55.0 0.0 1.0 1.0 73.0 0.0
55.0 0.0 1.0 1.0 73.0 0.0
55.0 0.0 1.0 1.0 73.0 0.0
73.0 0.0 1.0 1.0 73.0 0.0
73.0 0.0 1.0 1.0 73.0 0.0
73.0 0.0 1.0 1.0 73.0 0.0
73.0 0.0 1.0 1.0 73.0 0.0
73.0 0.0 1.0 1.0 73.0 0.0
73.0 0.0 1.0 1.0 73.0 0.0
74.0 0.0 1.0 1.0 73.0 0.0
74.0 0.0 1.0 1.0 73.0 0.0
74.0 0.0 1.0 1.0 73.0 0.0
74.0 0.0 1.0 1.0 73.0 0.0
74.0 0.0 1.0 1.0 73.0 0.0
74.0 0.0 1.0 1.0 73.0 0.0
74.0 0.0 1.0 1.0 73.0 0.0
73.0 0.0 1.0 1.7 73.0 0.0
73.0 0.0 1.0 1.8 73.0 0.0
73.0 0.0 1.0 1.8 73.0 0.0
73.0 0.0 1.0 1.4 73.0 0.0
73.0 0.0 1.0 1.0 73.0 0.0
73.0 0.0 1.0 1.0 73.0 0.0
73.0 0.0 1.0 1.0 73.0 0.0
73.0 0.0 1.0 1.0 73.0 0.0
73.0 0.0 1.0 1.0 73.0 0.0
73.0 0.0 1.0 1.0 73.0 0.0
73.0 0.0 1.0 1.0 73.0 0.0
73.0 0.0 1.0 1.0 73.0 0.0
73.0 0.0 1.0 1.0 73.0 0.0
73.0 0.0 1.0 1.0 73.0 0.0
73.0 0.0 1.0 1.0 73.0 0.0
73.0 0.0 1.0 1.0 73.0 0.0
73.0 0.0 1.0 1.0 73.0 0.0
73.0 0.0 1.0 1.0 73.0 0.0
73.0 0.0 1.0 1.0 73.0 0.0
73.0 0.0 1.0 1.0 72.0 0.0
73.0 0.0 1.0 1.0 72.0 0.0
73.0 0.0 1.0 1.0 72.0 0.0
73.0 0.0 1.0 1.0 72.0 0.0
73.0 0.0 1.0 1.0 72.0 0.0
73.0 0.0 1.0 1.0 72.0 0.0
73.0 0.0 1.0 1.0 72.0 0.0
73.0 0.0 1.0 1.0 72.0 0.0
73.0 0.0 1.0 1.0 72.0 0.0
73.0 0.0 1.0 1.0 72.0 0.0
73.0 0.0 1.0 1.3 72.0 0.0
73.0 0.0 1.0 1.3 72.0 0.0
73.0 0.0 1.0 1.7 72.0 0.0
73.0 0.0 1.0 1.5 72.0 0.0
73.0 0.0 1.0 1.0 72.0 0.0
73.0 0.0 1.0 1.0 72.0 0.0
73.0 0.0 1.0 1.0 72.0 0.0
73.0 0.0 1.0 1.3 72.0 0.0
73.0 0.0 1.0 1.3 72.0 0.0
73.0 0.0 1.0 1.4 72.0 0.0
73.0 0.0 1.0 1.0 72.0 0.0
73.0 0.0 1.0 1.0 72.0 0.0
73.0 0.0 1.0 1.0 72.0 0.0
73.0 0.0 1.0 1.0 72.0 0.0
73.0 0.0 1.0 1.0 72.0 0.0
73.0 0.0 1.0 1.0 72.0 0.0
73.0 0.0 1.0 1.0 72.0 0.0
73.0 0.0 1.0 1.0 72.0 0.0
73.0 0.0 1.0 1.0 71.0 0.0
73.0 0.0 1.0 1.0 71.0 0.0
72.0 0.0 1.0 1.0 71.0 0.0
72.0 0.0 1.0 1.0 71.0 0.0
72.0 0.0 1.0 1.0 71.0 0.0
72.0 0.0 1.0 1.0 60.0 0.0
72.0 0.0 1.0 1.0 60.0 0.0
72.0 0.0 1.0 1.0 60.0 0.0
72.0 0.0 1.0 1.0 60.0 0.0
72.0 0.0 1.0 1.0 60.0 0.0
72.0 0.0 1.0 1.0 60.0 0.0
72.0 0.0 1.0 1.0 60.0 0.0
72.0 0.0 1.0 1.0 60.0 0.0
72.0 0.0 1.0 1.0 60.0 0.0
72.0 0.0 1.0 1.0 60.0 0.0
72.0 0.0 1.0 1.0 60.0 0.0
72.0 0.0 1.0 1.0 60.0 0.0
72.0 0.0 1.0 1.0 60.0 0.0
72.0 0.0 1.0 1.0 60.0 0.0
72.0 0.0 1.0 1.0 60.0 0.0
72.0 0.0 1.0 1.0 60.0 0.0
72.0 0.0 1.0 1.0 60.0 0.0
72.0 0.0 1.0 1.0 60.0 0.0
