49.0 0.0 0.0 1.0 55.0 0.0
49.0 0.0 0.0 1.0 61.0 0.0
49.0 0.0 0.0 1.0 61.0 0.0
49.0 0.0 0.0 1.0 61.0 0.0
49.0 0.0 0.0 1.0 61.0 0.0
49.0 0.0 0.0 1.0 61.0 0.0
49.0 0.0 0.0 1.0 61.0 0.0
49.0 0.0 0.0 1.0 61.0 0.0
49.0 0.0 0.0 1.0 61.0 0.0
49.0 0.0 0.0 1.0 61.0 0.0
49.0 0.0 0.0 1.0 61.0 0.0
49.0 0.0 0.0 1.0 61.0 0.0
49.0 0.0 0.0 1.0 61.0 0.0
49.0 0.0 0.0 1.0 61.0 0.0
49.0 0.0 0.0 1.0 61.0 0.0
49.0 0.0 0.0 1.0 61.0 0.0
49.0 0.0 0.0 1.0 61.0 0.0
49.0 0.0 0.0 1.0 61.0 0.0
49.0 0.0 0.0 1.0 61.0 0.0
49.0 0.0 1.0 1.0 61.0 0.0
49.0 0.0 1.0 1.0 61.0 0.0
49.0 0.0 1.0 1.0 61.0 0.0
55.0 0.0 0.0 1.7 61.0 0.0
55.0 0.0 0.0 1.2 61.0 0.0
55.0 0.0 0.0 1.0 61.0 0.0
55.0 0.0 0.0 1.0 61.0 0.0
55.0 0.0 0.0 1.0 61.0 0.0
55.0 0.0 0.0 1.0 61.0 0.0
55.0 0.0 0.0 1.0 61.0 0.0
55.0 0.0 0.0 1.0 61.0 0.0
55.0 0.0 0.0 1.0 61.0 0.0
61.0 0.0 0.0 1.0 61.0 0.0
61.0 0.0 0.0 1.0 61.0 0.0
61.0 0.0 0.0 1.0 61.0 0.0
61.0 0.0 0.0 1.0 61.0 0.0
61.0 0.0 0.0 1.3 61.0 0.0
61.0 0.0 0.0 1.6 61.0 0.0
61.0 0.0 0.0 1.8 61.0 0.0
61.0 0.0 0.0 1.3 61.0 0.0
61.0 0.0 1.0 1.0 64.0 0.0
61.0 0.0 0.0 1.0 64.0 0.0
61.0 0.0 0.0 1.0 64.0 0.0
61.0 0.0 0.0 1.0 64.0 0.0
61.0 0.0 0.0 1.0 64.0 0.0
61.0 0.0 0.0 1.0 64.0 0.0
61.0 0.0 0.0 1.0 64.0 0.0
61.0 0.0 1.0 1.0 64.0 0.0
61.0 0.0 1.0 1.0 64.0 0.0
61.0 0.0 1.0 1.3 64.0 0.0
61.0 0.0 0.0 1.2 64.0 0.0
61.0 0.0 0.0 1.3 64.0 0.0
61.0 0.0 0.0 1.3 64.0 0.0
61.0 0.0 0.0 1.3 64.0 0.0
61.0 0.0 1.0 1.4 64.0 0.0
61.0 0.0 1.0 1.3 64.0 0.0
61.0 0.0 0.0 1.3 64.0 0.0
61.0 0.0 0.0 1.4 64.0 0.0
61.0 0.0 0.0 1.0 64.0 0.0
61.0 0.0 0.0 1.0 64.0 0.0
61.0 0.0 0.0 1.0 64.0 0.0
61.0 0.0 0.0 1.0 64.0 0.0
61.0 0.0 0.0 1.0 64.0 0.0
61.0 0.0 0.0 1.0 64.0 0.0
61.0 0.0 0.0 1.0 64.0 0.0
61.0 0.0 0.0 1.0 64.0 0.0
61.0 0.0 0.0 1.0 64.0 0.0
61.0 0.0 0.0 1.0 64.0 0.0
61.0 0.0 1.0 1.0 64.0 0.0
61.0 0.0 1.0 1.0 64.0 0.0
64.0 0.0 0.0 1.0 64.0 0.0
64.0 0.0 0.0 1.0 64.0 0.0
64.0 0.0 1.0 1.0 64.0 0.0
64.0 0.0 1.0 1.0 64.0 0.0
64.0 0.0 1.0 1.2 64.0 0.0
64.0 0.0 0.0 1.3 64.0 0.0
64.0 0.0 0.0 1.4 64.0 0.0
64.0 0.0 1.0 1.2 64.0 0.0
64.0 0.0 0.0 1.0 64.0 0.0
64.0 0.0 0.0 1.0 64.0 0.0
64.0 0.0 1.0 1.0 64.0 0.0
64.0 0.0 1.0 1.0 64.0 0.0
64.0 0.0 1.0 1.0 64.0 0.0
64.0 0.0 1.0 1.0 64.0 0.0
64.0 0.0 0.0 1.0 64.0 0.0
64.0 0.0 0.0 1.0 67.0 0.0
64.0 0.0 0.0 1.0 67.0 0.0
64.0 0.0 0.0 1.0 67.0 0.0
64.0 0.0 0.0 1.0 67.0 0.0
64.0 0.0 0.0 1.0 67.0 0.0
64.0 0.0 1.0 1.0 67.0 0.0
64.0 0.0 1.0 1.0 67.0 0.0
64.0 0.0 1.0 1.0 67.0 0.0
64.0 0.0 1.0 1.0 67.0 0.0
64.0 0.0 1.0 1.0 67.0 0.0
64.0 0.0 1.0 1.0 67.0 0.0
64.0 0.0 1.0 1.4 67.0 0.0
64.0 0.0 1.0 1.6 67.0 0.0
64.0 0.0 1.0 1.6 67.0 0.0
64.0 0.0 1.0 1.4 67.0 0.0
64.0 0.0 1.0 1.4 67.0 0.0
64.0 0.0 1.0 1.0 67.0 0.0
64.0 0.0 1.0 1.0 67.0 0.0
64.0 0.0 1.0 1.0 67.0 0.0
64.0 0.0 1.0 1.0 67.0 0.0
64.0 0.0 1.0 1.0 67.0 0.0
64.0 0.0 1.0 1.0 67.0 0.0
64.0 0.0 1.0 1.2 67.0 0.0
64.0 0.0 1.0 1.2 67.0 0.0
64.0 0.0 1.0 1.2 67.0 0.0
64.0 0.0 1.0 1.4 67.0 0.0
64.0 0.0 1.0 1.4 67.0 0.0
64.0 0.0 1.0 1.4 67.0 0.0
64.0 0.0 1.0 1.4 67.0 0.0
64.0 0.0 1.0 1.4 67.0 0.0
67.0 0.0 1.0 1.5 67.0 0.0
67.0 0.0 1.0 1.5 67.0 0.0
67.0 0.0 1.0 1.0 67.0 0.0
67.0 0.0 1.0 1.0 67.0 0.0
67.0 0.0 1.0 1.0 67.0 0.0
67.0 0.0 1.0 1.0 67.0 0.0
67.0 0.0 1.0 1.0 67.0 0.0
67.0 0.0 1.0 1.0 67.0 0.0
67.0 0.0 1.0 1.0 67.0 0.0
67.0 0.0 1.0 1.0 67.0 0.0
67.0 0.0 1.0 1.0 67.0 0.0
67.0 0.0 1.0 1.0 67.0 0.0
67.0 0.0 1.0 1.0 67.0 0.0
67.0 0.0 1.0 1.0 67.0 0.0
67.0 0.0 1.0 1.0 67.0 0.0
67.0 0.0 1.0 1.0 67.0 0.0
67.0 0.0 1.0 1.0 67.0 0.0
67.0 0.0 1.0 1.0 67.0 0.0
67.0 0.0 1.0 1.0 67.0 0.0
67.0 0.0 1.0 1.0 67.0 0.0
67.0 0.0 1.0 1.2 67.0 0.0
67.0 0.0 1.0 1.2 67.0 0.0
67.0 0.0 0.0 1.2 67.0 0.0
67.0 0.0 0.0 1.0 67.0 0.0
67.0 0.0 0.0 1.0 67.0 0.0
67.0 0.0 1.0 1.0 67.0 0.0
67.0 0.0 1.0 1.0 67.0 0.0
67.0 0.0 1.0 1.0 66.0 0.0
67.0 0.0 1.0 1.0 66.0 0.0
67.0 0.0 1.0 1.0 66.0 0.0
67.0 0.0 1.0 1.0 66.0 0.0
67.0 0.0 1.0 1.0 66.0 0.0
67.0 0.0 1.0 1.0 66.0 0.0
67.0 0.0 1.0 1.0 66.0 0.0
67.0 0.0 1.0 1.0 66.0 0.0
67.0 0.0 1.0 1.0 66.0 0.0
67.0 0.0 1.0 1.2 66.0 0.0
67.0 0.0 1.0 1.2 66.0 0.0
67.0 0.0 1.0 1.5 66.0 0.0
67.0 0.0 1.0 1.5 66.0 0.0
67.0 0.0 1.0 1.5 66.0 0.0
67.0 0.0 1.0 1.3 66.0 0.0
67.0 0.0 1.0 1.3 66.0 0.0
67.0 0.0 1.0 1.2 66.0 0.0
67.0 0.0 1.0 1.2 66.0 0.0
67.0 0.0 1.0 1.2 66.0 0.0
67.0 0.0 1.0 1.2 66.0 0.0
67.0 0.0 1.0 1.2 66.0 0.0
67.0 0.0 1.0 1.5 66.0 0.0
67.0 0.0 1.0 1.5 66.0 0.0
67.0 0.0 1.0 1.5 66.0 0.0
67.0 0.0 1.0 1.5 66.0 0.0
67.0 0.0 1.0 1.5 66.0 0.0
67.0 0.0 1.0 1.0 66.0 0.0
67.0 0.0 1.0 1.0 66.0 0.0
67.0 0.0 1.0 1.0 66.0 0.0
67.0 0.0 1.0 1.0 66.0 0.0
66.0 0.0 1.0 1.2 66.0 0.0
66.0 0.0 1.0 1.2 66.0 0.0
66.0 0.0 1.0 1.3 66.0 0.0
66.0 0.0 1.0 1.3 66.0 0.0
66.0 0.0 1.0 1.0 66.0 0.0
66.0 0.0 1.0 1.0 66.0 0.0
66.0 0.0 1.0 1.0 66.0 0.0
66.0 0.0 1.0 1.0 66.0 0.0
66.0 0.0 1.0 1.0 66.0 0.0
66.0 0.0 1.0 1.0 66.0 0.0
66.0 0.0 1.0 1.0 66.0 0.0
66.0 0.0 1.0 1.0 66.0 0.0
66.0 0.0 1.0 1.0 66.0 0.0
66.0 0.0 1.0 1.0 66.0 0.0
66.0 0.0 1.0 1.0 66.0 0.0
66.0 0.0 1.0 1.0 66.0 0.0
66.0 0.0 1.0 1.0 66.0 0.0
66.0 0.0 1.0 1.0 66.0 0.0
66.0 0.0 1.0 1.0 66.0 0.0
66.0 0.0 1.0 1.0 66.0 0.0
66.0 0.0 1.0 1.0 66.0 0.0
66.0 0.0 1.0 1.0 66.0 0.0
66.0 0.0 1.0 1.0 66.0 0.0
66.0 0.0 1.0 1.0 66.0 0.0
66.0 0.0 1.0 1.0 66.0 0.0
66.0 0.0 1.0 1.0 66.0 0.0
66.0 0.0 1.0 1.0 66.0 0.0
66.0 0.0 1.0 1.0 66.0 0.0
66.0 0.0 1.0 1.0 66.0 0.0
66.0 0.0 1.0 1.0 66.0 0.0
66.0 0.0 1.0 1.0 66.0 0.0
66.0 0.0 1.0 1.0 66.0 0.0
66.0 0.0 1.0 1.0 66.0 0.0
66.0 0.0 1.0 1.0 66.0 0.0
66.0 0.0 1.0 1.0 66.0 0.0
66.0 0.0 1.0 1.0 66.0 0.0
66.0 0.0 1.0 1.0 66.0 0.0
66.0 0.0 1.0 1.0 66.0 0.0
66.0 0.0 1.0 1.0 66.0 0.0
66.0 0.0 1.0 1.0 66.0 0.0
66.0 0.0 1.0 1.0 66.0 0.0
66.0 0.0 1.0 1.0 66.0 0.0
66.0 0.0 1.0 1.0 66.0 0.0
66.0 0.0 1.0 1.0 66.0 0.0
66.0 0.0 1.0 1.0 66.0 0.0
66.0 0.0 1.0 1.0 66.0 0.0
66.0 0.0 1.0 1.0 66.0 0.0
66.0 0.0 1.0 1.0 66.0 0.0
66.0 0.0 1.0 1.0 66.0 0.0
66.0 0.0 1.0 1.0 66.0 0.0
66.0 0.0 1.0 1.0 66.0 0.0
66.0 0.0 1.0 1.0 66.0 0.0
66.0 0.0 1.0 1.0 66.0 0.0
66.0 0.0 1.0 1.0 66.0 0.0
66.0 0.0 1.0 1.5 66.0 0.0
66.0 0.0 1.0 1.5 66.0 0.0
66.0 0.0 1.0 1.5 66.0 0.0
66.0 0.0 1.0 2.0 66.0 0.0
66.0 0.0 1.0 2.0 66.0 0.0
66.0 0.0 1.0 2.3 66.0 0.0
66.0 0.0 1.0 2.3 66.0 0.0
66.0 0.0 1.0 2.3 66.0 0.0
66.0 0.0 1.0 1.8 66.0 0.0
66.0 0.0 1.0 1.8 66.0 0.0
66.0 0.0 1.0 1.4 66.0 0.0
66.0 0.0 1.0 1.4 66.0 0.0
66.0 0.0 1.0 1.0 66.0 0.0
66.0 0.0 1.0 1.0 66.0 0.0
66.0 0.0 1.0 1.0 66.0 0.0
66.0 0.0 1.0 1.0 58.0 0.0
66.0 0.0 1.0 1.0 58.0 0.0
66.0 0.0 1.0 1.0 58.0 0.0
66.0 0.0 1.0 1.0 58.0 0.0
66.0 0.0 1.0 1.0 58.0 0.0
66.0 0.0 1.0 1.0 58.0 0.0
66.0 0.0 1.0 1.0 58.0 0.0
66.0 0.0 1.0 1.0 58.0 0.0
66.0 0.0 1.0 1.0 58.0 0.0
66.0 0.0 1.0 1.0 58.0 0.0
66.0 0.0 0.0 1.0 58.0 0.0
66.0 0.0 0.0 1.0 58.0 0.0
66.0 0.0 0.0 1.0 58.0 0.0
66.0 0.0 0.0 1.0 57.0 0.0
66.0 0.0 0.0 1.0 57.0 0.0
66.0 0.0 0.0 1.0 57.0 0.0
66.0 0.0 0.0 1.0 57.0 0.0
66.0 0.0 0.0 1.0 57.0 0.0
66.0 0.0 0.0 1.0 57.0 0.0
66.0 0.0 0.0 1.0 57.0 0.0
66.0 0.0 0.0 1.0 57.0 0.0
66.0 0.0 0.0 1.0 57.0 0.0
66.0 0.0 0.0 1.0 57.0 0.0
66.0 0.0 0.0 1.0 57.0 0.0
66.0 0.0 0.0 1.0 57.0 0.0
66.0 0.0 0.0 1.0 57.0 0.0
66.0 0.0 0.0 1.0 57.0 0.0
66.0 0.0 0.0 1.0 57.0 0.0
66.0 0.0 0.0 1.0 57.0 0.0
66.0 0.0 0.0 1.0 57.0 0.0
58.0 0.0 1.0 1.0 57.0 0.0
58.0 0.0 1.0 1.0 57.0 0.0
58.0 0.0 1.0 1.0 57.0 0.0
58.0 0.0 1.0 1.0 57.0 0.0
58.0 0.0 1.0 1.0 57.0 0.0
58.0 0.0 1.0 1.0 57.0 0.0
58.0 0.0 1.0 1.0 57.0 0.0
58.0 0.0 1.0 1.0 57.0 0.0
58.0 0.0 0.0 1.0 57.0 0.0
58.0 0.0 0.0 1.0 57.0 0.0
58.0 0.0 0.0 1.0 57.0 0.0
58.0 0.0 0.0 1.0 57.0 0.0
58.0 0.0 0.0 1.0 57.0 0.0
57.0 0.0 0.0 1.0 57.0 0.0
57.0 0.0 0.0 1.0 57.0 0.0
57.0 0.0 0.0 1.0 57.0 0.0
57.0 0.0 0.0 1.0 57.0 0.0
57.0 0.0 0.0 1.0 57.0 0.0
57.0 0.0 0.0 1.0 57.0 0.0
57.0 0.0 0.0 1.0 57.0 0.0
57.0 0.0 0.0 1.0 57.0 0.0
57.0 0.0 0.0 1.0 56.0 0.0
57.0 0.0 0.0 1.0 56.0 0.0
57.0 0.0 0.0 1.0 56.0 0.0
57.0 0.0 0.0 1.0 56.0 0.0
57.0 0.0 0.0 1.0 56.0 0.0
57.0 0.0 0.0 1.0 56.0 0.0
57.0 0.0 0.0 1.0 56.0 0.0
57.0 0.0 0.0 1.0 56.0 0.0
57.0 0.0 0.0 1.0 56.0 0.0
57.0 0.0 0.0 1.0 56.0 0.0
57.0 0.0 0.0 1.0 56.0 0.0
57.0 0.0 0.0 1.0 56.0 0.0
57.0 0.0 0.0 1.0 56.0 0.0
57.0 0.0 0.0 1.0 56.0 0.0
57.0 0.0 0.0 1.0 56.0 0.0
57.0 0.0 0.0 1.0 56.0 0.0
57.0 0.0 0.0 1.0 56.0 0.0
57.0 0.0 0.0 1.0 56.0 0.0
57.0 0.0 0.0 1.0 56.0 0.0
57.0 0.0 0.0 1.0 56.0 0.0
57.0 0.0 0.0 1.0 56.0 0.0
57.0 0.0 0.0 1.0 56.0 0.0
57.0 0.0 0.0 1.0 56.0 0.0
57.0 0.0 0.0 1.0 56.0 0.0
57.0 0.0 0.0 1.0 56.0 0.0
57.0 0.0 0.0 1.0 56.0 0.0
57.0 0.0 0.0 1.0 56.0 0.0
57.0 0.0 0.0 1.0 54.0 0.0
57.0 0.0 0.0 1.0 54.0 0.0
57.0 0.0 0.0 1.0 54.0 0.0
56.0 0.0 0.0 1.0 54.0 0.0
56.0 0.0 0.0 1.0 54.0 0.0
56.0 0.0 0.0 1.0 54.0 0.0
56.0 0.0 0.0 1.0 54.0 0.0
56.0 0.0 0.0 1.0 54.0 0.0
56.0 0.0 0.0 1.0 54.0 0.0
56.0 0.0 0.0 1.0 54.0 0.0
56.0 0.0 0.0 1.0 54.0 0.0
56.0 0.0 0.0 1.0 54.0 0.0
56.0 0.0 0.0 1.0 54.0 0.0
56.0 0.0 0.0 1.0 54.0 0.0
56.0 0.0 0.0 1.0 54.0 0.0
56.0 0.0 0.0 1.0 54.0 0.0
56.0 0.0 0.0 1.0 54.0 0.0
56.0 0.0 0.0 1.0 54.0 0.0
56.0 0.0 0.0 1.0 54.0 0.0
56.0 0.0 0.0 1.0 54.0 0.0
56.0 0.0 0.0 1.0 54.0 0.0
56.0 0.0 0.0 1.0 54.0 0.0
56.0 0.0 0.0 1.0 54.0 0.0
56.0 0.0 0.0 1.0 54.0 0.0
56.0 0.0 0.0 1.0 54.0 0.0
56.0 0.0 0.0 1.0 54.0 0.0
56.0 0.0 0.0 1.0 54.0 0.0
56.0 0.0 0.0 1.0 54.0 0.0
56.0 0.0 0.0 1.0 54.0 0.0
56.0 0.0 0.0 1.0 54.0 0.0
54.0 0.0 0.0 1.0 54.0 0.0
54.0 0.0 0.0 1.0 54.0 0.0
54.0 0.0 0.0 1.0 54.0 0.0
54.0 0.0 0.0 1.0 54.0 0.0
54.0 0.0 0.0 1.0 54.0 0.0
54.0 0.0 0.0 1.0 54.0 0.0
54.0 0.0 0.0 1.0 54.0 0.0
54.0 0.0 0.0 1.0 54.0 0.0
54.0 0.0 0.0 1.0 54.0 0.0
54.0 0.0 0.0 1.0 52.0 0.0
54.0 0.0 0.0 1.0 52.0 0.0
54.0 0.0 0.0 1.0 52.0 0.0
54.0 0.0 0.0 1.0 52.0 0.0
54.0 0.0 0.0 1.0 52.0 0.0
54.0 0.0 0.0 1.0 52.0 0.0
54.0 0.0 0.0 1.0 52.0 0.0
54.0 0.0 0.0 1.0 52.0 0.0
54.0 0.0 0.0 1.0 52.0 0.0
54.0 0.0 0.0 1.0 52.0 0.0
54.0 0.0 0.0 1.0 52.0 0.0
54.0 0.0 0.0 1.0 52.0 0.0
54.0 0.0 0.0 1.0 52.0 0.0
54.0 0.0 0.0 1.0 52.0 0.0
54.0 0.0 0.0 1.0 52.0 0.0
54.0 0.0 0.0 1.0 52.0 0.0
54.0 0.0 0.0 1.0 52.0 0.0
54.0 0.0 0.0 1.0 52.0 0.0
54.0 0.0 0.0 1.0 52.0 0.0
54.0 0.0 0.0 1.0 52.0 0.0
54.0 0.0 0.0 1.0 52.0 0.0
54.0 0.0 0.0 1.0 52.0 0.0
54.0 0.0 0.0 1.0 52.0 0.0
54.0 0.0 0.0 1.0 52.0 0.0
54.0 0.0 0.0 1.0 52.0 0.0
54.0 0.0 0.0 1.0 52.0 0.0
54.0 0.0 0.0 1.0 52.0 0.0
54.0 0.0 0.0 1.0 52.0 0.0
54.0 0.0 0.0 1.0 52.0 0.0
54.0 0.0 0.0 1.0 52.0 0.0
52.0 0.0 0.0 1.0 52.0 0.0
52.0 0.0 0.0 1.0 52.0 0.0
52.0 0.0 0.0 1.0 52.0 0.0
52.0 0.0 0.0 1.0 52.0 0.0
52.0 0.0 0.0 1.0 52.0 0.0
52.0 0.0 0.0 1.0 52.0 0.0
52.0 0.0 0.0 1.0 52.0 0.0
52.0 0.0 0.0 1.0 52.0 0.0
52.0 0.0 0.0 1.0 50.0 0.0
52.0 0.0 0.0 1.0 50.0 0.0
52.0 0.0 0.0 1.0 50.0 0.0
52.0 0.0 0.0 1.0 50.0 0.0
52.0 0.0 0.0 1.0 50.0 0.0
52.0 0.0 0.0 1.0 50.0 0.0
52.0 0.0 0.0 1.0 50.0 0.0
52.0 0.0 0.0 1.0 50.0 0.0
52.0 0.0 0.0 1.0 50.0 0.0
52.0 0.0 0.0 1.0 50.0 0.0
52.0 0.0 0.0 1.0 50.0 0.0
52.0 0.0 0.0 1.0 50.0 0.0
52.0 0.0 0.0 1.0 50.0 0.0
52.0 0.0 0.0 1.0 50.0 0.0
52.0 0.0 0.0 1.0 50.0 0.0
52.0 0.0 0.0 1.0 50.0 0.0
52.0 0.0 0.0 1.0 50.0 0.0
52.0 0.0 0.0 1.0 50.0 0.0
52.0 0.0 0.0 1.0 50.0 0.0
52.0 0.0 0.0 1.0 50.0 0.0
52.0 0.0 0.0 1.0 50.0 0.0
52.0 0.0 0.0 1.0 50.0 0.0
52.0 0.0 0.0 1.0 50.0 0.0
52.0 0.0 0.0 1.0 50.0 0.0
52.0 0.0 0.0 1.0 50.0 0.0
52.0 0.0 0.0 1.0 50.0 0.0
52.0 0.0 0.0 1.0 50.0 0.0
52.0 0.0 0.0 1.0 50.0 0.0
52.0 0.0 0.0 1.0 50.0 0.0
52.0 0.0 0.0 1.0 50.0 0.0
50.0 0.0 0.0 1.0 50.0 0.0
50.0 0.0 0.0 1.0 50.0 0.0
50.0 0.0 0.0 1.0 50.0 0.0
50.0 0.0 0.0 1.0 50.0 0.0
50.0 0.0 0.0 1.0 50.0 0.0
50.0 0.0 0.0 1.0 50.0 0.0
50.0 0.0 0.0 1.0 49.0 0.0
50.0 0.0 0.0 1.0 49.0 0.0
50.0 0.0 0.0 1.0 49.0 0.0
50.0 0.0 0.0 1.0 49.0 0.0
50.0 0.0 0.0 1.0 49.0 0.0
50.0 0.0 0.0 1.0 49.0 0.0
50.0 0.0 0.0 1.0 49.0 0.0
50.0 0.0 0.0 1.0 49.0 0.0
50.0 0.0 0.0 1.0 49.0 0.0
50.0 0.0 0.0 1.0 49.0 0.0
50.0 0.0 0.0 1.2 49.0 0.0
50.0 0.0 0.0 1.4 49.0 0.0
50.0 0.0 0.0 1.3 49.0 0.0
50.0 0.0 0.0 1.4 49.0 0.0
50.0 0.0 0.0 1.2 49.0 0.0
50.0 0.0 0.0 1.2 49.0 0.0
50.0 0.0 0.0 1.2 49.0 0.0
50.0 0.0 0.0 1.2 49.0 0.0
50.0 0.0 0.0 1.0 49.0 0.0
50.0 0.0 0.0 1.0 49.0 0.0
50.0 0.0 0.0 1.0 49.0 0.0
50.0 0.0 0.0 1.2 49.0 0.0
50.0 0.0 0.0 1.2 49.0 0.0
50.0 0.0 0.0 1.3 49.0 0.0
50.0 0.0 0.0 1.7 49.0 0.0
50.0 0.0 0.0 2.1 49.0 0.0
50.0 0.0 0.0 2.1 49.0 0.0
50.0 0.0 0.0 1.7 49.0 0.0
50.0 0.0 0.0 1.4 49.0 0.0
50.0 0.0 0.0 1.0 49.0 0.0
49.0 0.0 0.0 1.0 49.0 0.0
49.0 0.0 0.0 1.0 50.0 0.0
49.0 0.0 0.0 1.0 50.0 0.0
49.0 0.0 0.0 1.0 50.0 0.0
49.0 0.0 0.0 1.0 50.0 0.0
49.0 0.0 0.0 1.0 50.0 0.0
49.0 0.0 0.0 1.5 50.0 0.0
49.0 0.0 0.0 2.0 50.0 0.0
49.0 0.0 0.0 2.0 50.0 0.0
49.0 0.0 0.0 2.1 50.0 0.0
49.0 0.0 0.0 1.7 50.0 0.0
49.0 0.0 0.0 1.3 50.0 0.0
49.0 0.0 0.0 1.0 50.0 0.0
49.0 0.0 0.0 1.2 50.0 0.0
49.0 0.0 0.0 1.2 50.0 0.0
49.0 0.0 0.0 1.4 50.0 0.0
49.0 0.0 0.0 1.6 50.0 0.0
49.0 0.0 0.0 1.9 50.0 0.0
49.0 0.0 0.0 1.9 50.0 0.0
49.0 0.0 0.0 1.9 50.0 0.0
49.0 0.0 0.0 1.9 50.0 0.0
49.0 0.0 0.0 2.1 50.0 0.0
49.0 0.0 0.0 2.0 50.0 0.0
49.0 0.0 0.0 1.6 50.0 0.0
49.0 0.0 0.0 1.3 50.0 0.0
49.0 0.0 0.0 1.3 50.0 0.0
49.0 0.0 0.0 1.0 50.0 0.0
49.0 0.0 0.0 1.0 50.0 0.0
49.0 0.0 0.0 1.0 50.0 0.0
49.0 0.0 0.0 1.3 50.0 0.0
49.0 0.0 0.0 1.2 50.0 0.0
50.0 0.0 0.0 1.2 50.0 0.0
50.0 0.0 0.0 1.2 50.0 0.0
50.0 0.0 0.0 1.7 50.0 0.0
50.0 0.0 0.0 1.7 50.0 0.0
50.0 0.0 0.0 2.3 50.0 0.0
50.0 0.0 0.0 1.9 50.0 0.0
50.0 0.0 0.0 1.9 50.0 0.0
50.0 0.0 0.0 1.5 50.0 0.0
50.0 0.0 0.0 1.0 50.0 0.0
50.0 0.0 0.0 1.0 50.0 0.0
50.0 0.0 0.0 1.0 50.0 0.0
50.0 0.0 0.0 1.0 50.0 0.0
50.0 0.0 0.0 1.0 50.0 0.0
50.0 0.0 0.0 1.4 50.0 0.0
50.0 0.0 0.0 1.9 50.0 0.0
50.0 0.0 0.0 2.3 50.0 0.0
50.0 0.0 0.0 1.7 50.0 0.0
50.0 0.0 0.0 1.7 50.0 0.0
50.0 0.0 0.0 1.3 50.0 0.0
50.0 0.0 0.0 1.0 50.0 0.0
50.0 0.0 0.0 1.0 50.0 0.0
50.0 0.0 0.0 1.0 50.0 0.0
50.0 0.0 0.0 1.0 50.0 0.0
50.0 0.0 0.0 1.0 50.0 0.0
50.0 0.0 0.0 1.0 50.0 0.0
50.0 0.0 0.0 1.0 50.0 0.0
50.0 0.0 0.0 1.2 50.0 0.0
50.0 0.0 0.0 1.0 50.0 0.0
50.0 0.0 0.0 1.0 50.0 0.0
50.0 0.0 0.0 1.0 50.0 0.0
50.0 0.0 0.0 1.0 50.0 0.0
50.0 0.0 1.0 1.5 50.0 0.0
50.0 0.0 0.0 2.0 50.0 0.0
50.0 0.0 0.0 2.6 50.0 0.0
50.0 0.0 0.0 2.6 50.0 0.0
50.0 0.0 0.0 2.1 50.0 0.0
50.0 0.0 0.0 1.6 50.0 0.0
50.0 0.0 1.0 1.0 50.0 0.0
50.0 0.0 1.0 1.0 50.0 0.0
50.0 0.0 1.0 1.0 50.0 0.0
50.0 0.0 1.0 1.0 50.0 0.0
50.0 0.0 1.0 1.0 50.0 0.0
50.0 0.0 1.0 1.0 50.0 0.0
50.0 0.0 1.0 1.0 50.0 0.0
50.0 0.0 1.0 1.0 50.0 0.0
50.0 0.0 1.0 1.0 50.0 0.0
50.0 0.0 1.0 1.0 52.0 0.0
50.0 0.0 1.0 1.0 52.0 0.0
50.0 0.0 1.0 1.0 52.0 0.0
50.0 0.0 1.0 1.0 52.0 0.0
50.0 0.0 1.0 1.0 52.0 0.0
50.0 0.0 1.0 1.0 52.0 0.0
50.0 0.0 1.0 1.0 52.0 0.0
50.0 0.0 1.0 1.0 52.0 0.0
50.0 0.0 1.0 1.0 52.0 0.0
50.0 0.0 1.0 1.0 52.0 0.0
50.0 0.0 1.0 1.5 52.0 0.0
50.0 0.0 1.0 1.9 52.0 0.0
50.0 0.0 1.0 2.3 52.0 0.0
50.0 0.0 1.0 2.5 52.0 0.0
50.0 0.0 1.0 2.5 52.0 0.0
50.0 0.0 1.0 2.3 52.0 0.0
50.0 0.0 1.0 1.9 52.0 0.0
50.0 0.0 1.0 1.6 52.0 0.0
50.0 0.0 1.0 1.6 52.0 0.0
50.0 0.0 1.0 1.3 52.0 0.0
50.0 0.0 1.0 1.6 52.0 0.0
50.0 0.0 1.0 1.6 52.0 0.0
50.0 0.0 1.0 1.5 52.0 0.0
50.0 0.0 1.0 1.6 52.0 0.0
50.0 0.0 1.0 1.3 52.0 0.0
50.0 0.0 1.0 1.0 55.0 0.0
50.0 0.0 1.0 1.0 55.0 0.0
50.0 0.0 1.0 1.2 55.0 0.0
50.0 0.0 0.0 1.5 55.0 0.0
50.0 0.0 0.0 1.8 55.0 0.0
52.0 0.0 0.0 1.8 55.0 0.0
52.0 0.0 0.0 1.7 55.0 0.0
52.0 0.0 0.0 1.5 55.0 0.0
52.0 0.0 0.0 1.6 55.0 0.0
52.0 0.0 0.0 1.6 55.0 0.0
52.0 0.0 0.0 1.5 55.0 0.0
52.0 0.0 0.0 1.5 55.0 0.0
52.0 0.0 0.0 1.6 55.0 0.0
52.0 0.0 0.0 1.6 55.0 0.0
52.0 0.0 0.0 1.3 55.0 0.0
52.0 0.0 0.0 1.3 55.0 0.0
52.0 0.0 0.0 1.4 55.0 0.0
52.0 0.0 0.0 1.0 55.0 0.0
52.0 0.0 0.0 1.7 55.0 0.0
52.0 0.0 0.0 1.5 55.0 0.0
52.0 0.0 0.0 1.0 55.0 0.0
52.0 0.0 0.0 1.0 55.0 0.0
52.0 0.0 0.0 1.0 73.0 0.0
52.0 0.0 0.0 1.0 73.0 0.0
52.0 0.0 0.0 1.0 73.0 0.0
52.0 0.0 0.0 1.0 73.0 0.0
52.0 0.0 0.0 1.0 73.0 0.0
52.0 0.0 0.0 1.0 73.0 0.0
52.0 0.0 0.0 1.0 73.0 0.0
52.0 0.0 0.0 1.0 73.0 0.0
55.0 0.0 0.0 1.2 73.0 0.0
55.0 0.0 0.0 1.0 73.0 0.0
55.0 0.0 0.0 1.0 73.0 0.0
55.0 0.0 0.0 1.0 73.0 0.0
55.0 0.0 0.0 1.0 73.0 0.0
55.0 0.0 0.0 1.0 73.0 0.0
55.0 0.0 1.0 1.0 73.0 0.0
55.0 0.0 1.0 1.0 73.0 0.0
55.0 0.0 0.0 1.0 74.0 0.0
55.0 0.0 0.0 1.0 74.0 0.0
55.0 0.0 0.0 1.0 74.0 0.0
55.0 0.0 0.0 1.0 74.0 0.0
55.0 0.0 0.0 1.0 74.0 0.0
55.0 0.0 0.0 1.0 74.0 0.0
55.0 0.0 0.0 1.0 74.0 0.0
55.0 0.0 0.0 1.0 74.0 0.0
55.0 0.0 0.0 1.0 74.0 0.0
55.0 0.0 1.0 1.0 74.0 0.0
55.0 0.0 1.0 1.0 74.0 0.0
55.0 0.0 1.0 1.0 74.0 0.0
55.0 0.0 0.0 1.0 74.0 0.0
55.0 0.0 0.0 1.0 74.0 0.0
73.0 0.0 1.0 1.0 74.0 0.0
73.0 0.0 1.0 1.0 74.0 0.0
73.0 0.0 0.0 1.0 74.0 0.0
73.0 0.0 0.0 1.0 74.0 0.0
73.0 0.0 0.0 1.0 74.0 0.0
73.0 0.0 0.0 1.0 74.0 0.0
73.0 0.0 0.0 1.0 74.0 0.0
73.0 0.0 0.0 1.0 74.0 0.0
73.0 0.0 0.0 1.0 74.0 0.0
73.0 0.0 0.0 1.0 74.0 0.0
73.0 0.0 0.0 1.0 74.0 0.0
73.0 0.0 0.0 1.0 74.0 0.0
73.0 0.0 0.0 1.0 74.0 0.0
73.0 0.0 1.0 1.0 74.0 0.0
73.0 0.0 1.0 1.0 73.0 0.0
73.0 0.0 1.0 1.0 73.0 0.0
74.0 0.0 1.0 1.0 73.0 0.0
74.0 0.0 0.0 1.0 73.0 0.0
74.0 0.0 0.0 1.0 73.0 0.0
74.0 0.0 0.0 1.0 73.0 0.0
74.0 0.0 0.0 1.0 73.0 0.0
74.0 0.0 0.0 1.0 73.0 0.0
74.0 0.0 0.0 1.0 73.0 0.0
74.0 0.0 0.0 1.0 73.0 0.0
74.0 0.0 0.0 1.0 73.0 0.0
74.0 0.0 0.0 1.0 73.0 0.0
74.0 0.0 0.0 1.0 73.0 0.0
74.0 0.0 0.0 1.0 73.0 0.0
74.0 0.0 0.0 1.0 73.0 0.0
74.0 0.0 0.0 1.3 73.0 0.0
74.0 0.0 1.0 1.3 73.0 0.0
74.0 0.0 1.0 1.9 73.0 0.0
74.0 0.0 1.0 1.9 73.0 0.0
74.0 0.0 0.0 1.4 73.0 0.0
74.0 0.0 0.0 1.0 73.0 0.0
74.0 0.0 0.0 1.0 73.0 0.0
74.0 0.0 0.0 1.0 73.0 0.0
74.0 0.0 0.0 1.0 73.0 0.0
74.0 0.0 0.0 1.0 73.0 0.0
74.0 0.0 0.0 1.0 73.0 0.0
74.0 0.0 0.0 1.0 73.0 0.0
74.0 0.0 0.0 1.2 73.0 0.0
74.0 0.0 0.0 1.4 73.0 0.0
74.0 0.0 0.0 1.0 73.0 0.0
73.0 0.0 0.0 1.0 73.0 0.0
73.0 0.0 1.0 1.2 73.0 0.0
73.0 0.0 1.0 1.2 73.0 0.0
73.0 0.0 1.0 1.5 73.0 0.0
73.0 0.0 1.0 1.6 73.0 0.0
73.0 0.0 1.0 1.2 73.0 0.0
73.0 0.0 1.0 1.0 73.0 0.0
73.0 0.0 1.0 1.0 73.0 0.0
73.0 0.0 1.0 1.0 73.0 0.0
73.0 0.0 1.0 1.0 73.0 0.0
73.0 0.0 1.0 1.0 73.0 0.0
73.0 0.0 0.0 1.0 73.0 0.0
73.0 0.0 0.0 1.0 73.0 0.0
73.0 0.0 0.0 1.0 73.0 0.0
73.0 0.0 0.0 1.0 73.0 0.0
73.0 0.0 0.0 1.0 73.0 0.0
73.0 0.0 0.0 1.0 73.0 0.0
73.0 0.0 0.0 1.0 73.0 0.0
73.0 0.0 1.0 1.0 73.0 0.0
73.0 0.0 1.0 1.3 73.0 0.0
73.0 0.0 1.0 1.2 73.0 0.0
73.0 0.0 1.0 1.0 73.0 0.0
73.0 0.0 1.0 1.2 73.0 0.0
73.0 0.0 1.0 1.0 73.0 0.0
73.0 0.0 1.0 1.0 73.0 0.0
73.0 0.0 1.0 1.0 73.0 0.0
73.0 0.0 1.0 1.0 73.0 0.0
73.0 0.0 1.0 1.0 73.0 0.0
73.0 0.0 1.0 1.0 73.0 0.0
73.0 0.0 1.0 1.0 73.0 0.0
73.0 0.0 1.0 1.0 73.0 0.0
73.0 0.0 1.0 1.0 73.0 0.0
73.0 0.0 1.0 1.0 73.0 0.0
73.0 0.0 1.0 1.0 73.0 0.0
73.0 0.0 1.0 1.0 73.0 0.0
73.0 0.0 1.0 1.0 73.0 0.0
73.0 0.0 1.0 1.2 73.0 0.0
73.0 0.0 1.0 1.0 73.0 0.0
73.0 0.0 1.0 1.0 73.0 0.0
73.0 0.0 1.0 1.0 72.0 0.0
73.0 0.0 1.0 1.0 72.0 0.0
73.0 0.0 1.0 1.0 72.0 0.0
73.0 0.0 1.0 1.0 72.0 0.0
73.0 0.0 1.0 1.0 72.0 0.0
73.0 0.0 1.0 1.0 72.0 0.0
73.0 0.0 1.0 1.0 72.0 0.0
73.0 0.0 1.0 1.0 72.0 0.0
73.0 0.0 1.0 1.2 72.0 0.0
73.0 0.0 1.0 1.2 72.0 0.0
73.0 0.0 1.0 1.5 72.0 0.0
73.0 0.0 1.0 1.4 72.0 0.0
73.0 0.0 1.0 1.0 72.0 0.0
73.0 0.0 1.0 1.0 72.0 0.0
73.0 0.0 1.0 1.0 72.0 0.0
73.0 0.0 1.0 1.0 72.0 0.0
73.0 0.0 1.0 1.0 72.0 0.0
73.0 0.0 1.0 1.0 72.0 0.0
73.0 0.0 1.0 1.0 72.0 0.0
73.0 0.0 1.0 1.0 72.0 0.0
73.0 0.0 1.0 1.0 72.0 0.0
73.0 0.0 1.0 1.0 72.0 0.0
73.0 0.0 1.0 1.0 72.0 0.0
73.0 0.0 1.0 1.0 72.0 0.0
73.0 0.0 1.0 1.0 72.0 0.0
73.0 0.0 1.0 1.2 72.0 0.0
73.0 0.0 1.0 1.2 72.0 0.0
73.0 0.0 1.0 1.0 72.0 0.0
73.0 0.0 1.0 1.0 72.0 0.0
73.0 0.0 1.0 1.0 71.0 0.0
72.0 0.0 1.0 1.0 71.0 0.0
72.0 0.0 1.0 1.0 71.0 0.0
72.0 0.0 1.0 1.0 71.0 0.0
72.0 0.0 1.0 1.0 71.0 0.0
72.0 0.0 1.0 1.0 71.0 0.0
72.0 0.0 1.0 1.0 71.0 0.0
72.0 0.0 1.0 1.0 71.0 0.0
72.0 0.0 1.0 1.0 71.0 0.0
72.0 0.0 1.0 1.0 71.0 0.0
72.0 0.0 1.0 1.0 71.0 0.0
72.0 0.0 1.0 1.0 71.0 0.0
72.0 0.0 1.0 1.0 71.0 0.0
72.0 0.0 1.0 1.0 71.0 0.0
72.0 0.0 1.0 1.0 71.0 0.0
72.0 0.0 1.0 1.0 71.0 0.0
72.0 0.0 1.0 1.0 71.0 0.0
72.0 0.0 1.0 1.0 71.0 0.0
72.0 0.0 1.0 1.0 71.0 0.0
72.0 0.0 1.0 1.0 71.0 0.0
72.0 0.0 1.0 1.0 71.0 0.0
72.0 0.0 1.0 1.0 71.0 0.0
72.0 0.0 1.0 1.0 71.0 0.0
72.0 0.0 1.0 1.0 71.0 0.0
72.0 0.0 1.0 1.0 71.0 0.0
72.0 0.0 1.0 1.0 71.0 0.0
72.0 0.0 1.0 1.0 71.0 0.0
72.0 0.0 1.0 1.0 71.0 0.0
72.0 0.0 1.0 1.0 71.0 0.0
72.0 0.0 1.0 1.0 71.0 0.0
71.0 0.0 1.0 1.0 71.0 0.0
71.0 0.0 1.0 1.0 71.0 0.0
71.0 0.0 1.0 1.0 71.0 0.0
71.0 0.0 1.0 1.0 71.0 0.0
71.0 0.0 1.0 1.0 71.0 0.0
71.0 0.0 1.0 1.0 71.0 0.0
71.0 0.0 1.0 1.0 69.0 0.0
71.0 0.0 1.0 1.0 69.0 0.0
71.0 0.0 1.0 1.0 69.0 0.0
71.0 0.0 1.0 1.0 69.0 0.0
71.0 0.0 1.0 1.0 69.0 0.0
71.0 0.0 1.0 1.0 69.0 0.0
71.0 0.0 1.0 1.0 69.0 0.0
71.0 0.0 1.0 1.0 69.0 0.0
71.0 0.0 1.0 1.0 69.0 0.0
71.0 0.0 1.0 1.0 69.0 0.0
71.0 0.0 1.0 1.0 69.0 0.0
71.0 0.0 1.0 1.0 69.0 0.0
71.0 0.0 1.0 1.0 69.0 0.0
71.0 0.0 1.0 1.0 69.0 0.0
71.0 0.0 1.0 1.0 69.0 0.0
71.0 0.0 1.0 1.0 69.0 0.0
71.0 0.0 1.0 1.0 69.0 0.0
71.0 0.0 1.0 1.0 69.0 0.0
71.0 0.0 1.0 1.0 69.0 0.0
71.0 0.0 1.0 1.0 69.0 0.0
71.0 0.0 1.0 1.0 69.0 0.0
71.0 0.0 0.0 1.0 69.0 0.0
71.0 0.0 0.0 1.0 69.0 0.0
71.0 0.0 1.0 1.0 69.0 0.0
71.0 0.0 1.0 1.0 69.0 0.0
71.0 0.0 1.0 1.0 69.0 0.0
71.0 0.0 1.0 1.0 69.0 0.0
71.0 0.0 0.0 1.0 69.0 0.0
71.0 0.0 0.0 1.0 69.0 0.0
71.0 0.0 0.0 1.0 69.0 0.0
69.0 0.0 1.0 1.0 69.0 0.0
69.0 0.0 1.0 1.0 69.0 0.0
69.0 0.0 0.0 1.0 69.0 0.0
69.0 0.0 0.0 1.0 69.0 0.0
69.0 0.0 0.0 1.0 69.0 0.0
69.0 0.0 0.0 1.0 69.0 0.0
69.0 0.0 0.0 1.0 69.0 0.0
69.0 0.0 0.0 1.0 69.0 0.0
69.0 0.0 0.0 1.0 69.0 0.0
69.0 0.0 0.0 1.0 69.0 0.0
69.0 0.0 0.0 1.0 69.0 0.0
69.0 0.0 0.0 1.0 69.0 0.0
69.0 0.0 0.0 1.0 66.0 0.0
69.0 0.0 0.0 1.0 66.0 0.0
69.0 0.0 0.0 1.0 66.0 0.0
69.0 0.0 0.0 1.0 66.0 0.0
69.0 0.0 0.0 1.0 66.0 0.0
69.0 0.0 0.0 1.0 66.0 0.0
69.0 0.0 0.0 1.0 66.0 0.0
69.0 0.0 0.0 1.0 66.0 0.0
69.0 0.0 0.0 1.0 66.0 0.0
69.0 0.0 0.0 1.0 66.0 0.0
69.0 0.0 0.0 1.0 66.0 0.0
69.0 0.0 0.0 1.0 66.0 0.0
69.0 0.0 0.0 1.0 66.0 0.0
69.0 0.0 0.0 1.0 66.0 0.0
69.0 0.0 0.0 1.0 66.0 0.0
69.0 0.0 0.0 1.0 66.0 0.0
69.0 0.0 0.0 1.0 66.0 0.0
69.0 0.0 0.0 1.0 66.0 0.0
69.0 0.0 0.0 1.0 66.0 0.0
69.0 0.0 0.0 1.0 66.0 0.0
69.0 0.0 0.0 1.0 66.0 0.0
69.0 0.0 0.0 1.0 66.0 0.0
69.0 0.0 0.0 1.0 66.0 0.0
69.0 0.0 0.0 1.0 66.0 0.0
69.0 0.0 0.0 1.0 66.0 0.0
69.0 0.0 0.0 1.0 66.0 0.0
69.0 0.0 0.0 1.0 66.0 0.0
69.0 0.0 0.0 1.0 66.0 0.0
69.0 0.0 0.0 1.0 66.0 0.0
69.0 0.0 0.0 1.0 66.0 0.0
66.0 0.0 0.0 1.0 66.0 0.0
66.0 0.0 0.0 1.0 66.0 0.0
66.0 0.0 0.0 1.0 66.0 0.0
66.0 0.0 0.0 1.0 66.0 0.0
66.0 0.0 0.0 1.0 66.0 0.0
66.0 0.0 0.0 1.0 66.0 0.0
66.0 0.0 0.0 1.0 66.0 0.0
66.0 0.0 0.0 1.0 66.0 0.0
66.0 0.0 0.0 1.0 66.0 0.0
66.0 0.0 0.0 1.0 66.0 0.0
66.0 0.0 0.0 1.0 66.0 0.0
66.0 0.0 0.0 1.0 66.0 0.0
66.0 0.0 0.0 1.0 66.0 0.0
66.0 0.0 0.0 1.0 66.0 0.0
66.0 0.0 0.0 1.0 65.0 0.0
66.0 0.0 0.0 1.0 66.0 0.0
66.0 0.0 0.0 1.0 65.0 0.0
66.0 0.0 0.0 1.0 65.0 0.0
66.0 0.0 0.0 1.0 65.0 0.0
66.0 0.0 0.0 1.0 65.0 0.0
66.0 0.0 0.0 1.0 65.0 0.0
66.0 0.0 0.0 1.0 65.0 0.0
66.0 0.0 0.0 1.0 65.0 0.0
66.0 0.0 0.0 1.0 65.0 0.0
66.0 0.0 0.0 1.0 65.0 0.0
66.0 0.0 0.0 1.0 65.0 0.0
66.0 0.0 0.0 1.2 65.0 0.0
66.0 0.0 0.0 1.4 65.0 0.0
66.0 0.0 0.0 1.5 65.0 0.0
66.0 0.0 0.0 1.5 65.0 0.0
66.0 0.0 0.0 1.6 65.0 0.0
66.0 0.0 0.0 1.6 65.0 0.0
66.0 0.0 0.0 1.6 65.0 0.0
66.0 0.0 0.0 1.6 65.0 0.0
66.0 0.0 0.0 1.6 65.0 0.0
66.0 0.0 0.0 1.6 65.0 0.0
66.0 0.0 0.0 1.6 65.0 0.0
66.0 0.0 0.0 1.6 65.0 0.0
66.0 0.0 0.0 1.7 65.0 0.0
66.0 0.0 0.0 1.7 65.0 0.0
66.0 0.0 0.0 2.0 65.0 0.0
66.0 0.0 0.0 2.0 65.0 0.0
66.0 0.0 0.0 2.8 65.0 0.0
66.0 0.0 0.0 2.8 65.0 0.0
65.0 0.0 0.0 3.0 65.0 0.0
66.0 0.0 0.0 3.0 65.0 0.0
65.0 0.0 0.0 2.7 65.0 0.0
65.0 0.0 0.0 2.7 65.0 0.0
65.0 0.0 0.0 2.1 65.0 0.0
65.0 0.0 0.0 2.1 65.0 0.0
65.0 0.0 0.0 1.9 65.0 0.0
65.0 0.0 0.0 1.9 65.0 0.0
65.0 0.0 0.0 1.9 65.0 0.0
65.0 0.0 0.0 1.9 65.0 0.0
65.0 0.0 0.0 1.8 65.0 0.0
65.0 0.0 0.0 1.8 65.0 0.0
65.0 0.0 0.0 1.7 65.0 0.0
65.0 0.0 0.0 1.7 65.0 0.0
65.0 0.0 0.0 1.8 65.0 0.0
65.0 0.0 0.0 1.8 65.0 0.0
65.0 0.0 0.0 1.7 65.0 0.0
65.0 0.0 0.0 1.7 65.0 0.0
65.0 0.0 0.0 1.5 63.0 0.0
65.0 0.0 1.0 1.5 63.0 0.0
65.0 0.0 1.0 1.3 63.0 0.0
65.0 0.0 0.0 1.3 63.0 0.0
65.0 0.0 0.0 1.3 63.0 0.0
65.0 0.0 0.0 1.3 63.0 0.0
65.0 0.0 0.0 1.0 63.0 0.0
65.0 0.0 0.0 1.0 63.0 0.0
65.0 0.0 1.0 1.2 63.0 0.0
65.0 0.0 1.0 1.2 63.0 0.0
65.0 0.0 1.0 1.5 63.0 0.0
65.0 0.0 1.0 1.5 63.0 0.0
65.0 0.0 1.0 2.0 63.0 0.0
65.0 0.0 1.0 2.0 63.0 0.0
65.0 0.0 1.0 2.1 63.0 0.0
65.0 0.0 1.0 2.1 63.0 0.0
65.0 0.0 1.0 1.7 63.0 0.0
65.0 0.0 1.0 1.7 63.0 0.0
65.0 0.0 1.0 1.3 63.0 0.0
65.0 0.0 1.0 1.3 63.0 0.0
65.0 0.0 1.0 1.0 63.0 0.0
65.0 0.0 1.0 1.0 63.0 0.0
65.0 0.0 0.0 1.0 63.0 0.0
65.0 0.0 1.0 1.0 63.0 0.0
65.0 0.0 0.0 1.0 63.0 0.0
65.0 0.0 0.0 1.0 63.0 0.0
65.0 0.0 0.0 1.0 63.0 0.0
65.0 0.0 0.0 1.0 63.0 0.0
65.0 0.0 1.0 1.0 63.0 0.0
65.0 0.0 1.0 1.0 63.0 0.0
63.0 0.0 1.0 1.3 63.0 0.0
63.0 0.0 1.0 1.3 63.0 0.0
63.0 0.0 1.0 1.4 63.0 0.0
63.0 0.0 1.0 1.5 63.0 0.0
63.0 0.0 1.0 1.5 62.0 0.0
63.0 0.0 1.0 1.0 62.0 0.0
63.0 0.0 1.0 1.0 62.0 0.0
63.0 0.0 1.0 1.0 62.0 0.0
63.0 0.0 1.0 1.0 62.0 0.0
63.0 0.0 1.0 1.0 62.0 0.0
63.0 0.0 1.0 1.0 62.0 0.0
63.0 0.0 1.0 1.0 62.0 0.0
63.0 0.0 1.0 1.2 62.0 0.0
63.0 0.0 1.0 1.6 62.0 0.0
63.0 0.0 1.0 1.9 62.0 0.0
63.0 0.0 1.0 1.4 62.0 0.0
63.0 0.0 1.0 1.4 62.0 0.0
63.0 0.0 0.0 1.0 62.0 0.0
63.0 0.0 1.0 1.0 62.0 0.0
63.0 0.0 1.0 1.0 62.0 0.0
63.0 0.0 0.0 1.0 62.0 0.0
63.0 0.0 0.0 1.0 62.0 0.0
63.0 0.0 0.0 1.0 62.0 0.0
63.0 0.0 0.0 1.0 62.0 0.0
63.0 0.0 0.0 1.0 62.0 0.0
63.0 0.0 0.0 1.0 62.0 0.0
63.0 0.0 0.0 1.0 62.0 0.0
63.0 0.0 0.0 1.0 62.0 0.0
63.0 0.0 0.0 1.0 60.0 0.0
63.0 0.0 0.0 1.0 60.0 0.0
63.0 0.0 0.0 1.0 60.0 0.0
63.0 0.0 0.0 1.0 60.0 0.0
63.0 0.0 0.0 1.0 60.0 0.0
63.0 0.0 0.0 1.0 60.0 0.0
62.0 0.0 0.0 1.0 60.0 0.0
62.0 0.0 0.0 1.0 60.0 0.0
62.0 0.0 0.0 1.0 60.0 0.0
62.0 0.0 0.0 1.0 60.0 0.0
62.0 0.0 0.0 1.0 60.0 0.0
62.0 0.0 0.0 1.0 60.0 0.0
62.0 0.0 0.0 1.0 60.0 0.0
62.0 0.0 0.0 1.0 60.0 0.0
62.0 0.0 0.0 1.0 60.0 0.0
62.0 0.0 0.0 1.0 60.0 0.0
62.0 0.0 0.0 1.0 60.0 0.0
62.0 0.0 0.0 1.0 60.0 0.0
62.0 0.0 0.0 1.0 60.0 0.0
62.0 0.0 0.0 1.0 60.0 0.0
62.0 0.0 0.0 1.0 60.0 0.0
62.0 0.0 0.0 1.0 60.0 0.0
62.0 0.0 0.0 1.0 60.0 0.0
62.0 0.0 0.0 1.0 60.0 0.0
62.0 0.0 0.0 1.0 60.0 0.0
62.0 0.0 0.0 1.0 60.0 0.0
62.0 0.0 0.0 1.0 60.0 0.0
62.0 0.0 0.0 1.0 60.0 0.0
62.0 0.0 0.0 1.0 61.0 0.0
62.0 0.0 0.0 1.0 61.0 0.0
60.0 0.0 0.0 1.0 61.0 0.0
60.0 0.0 0.0 1.0 61.0 0.0
60.0 0.0 0.0 1.0 61.0 0.0
60.0 0.0 0.0 1.0 60.0 0.0
60.0 0.0 0.0 1.0 60.0 0.0
60.0 0.0 0.0 1.0 60.0 0.0
60.0 0.0 1.0 1.0 60.0 0.0
60.0 0.0 0.0 1.0 60.0 0.0
60.0 0.0 0.0 1.0 60.0 0.0
60.0 0.0 0.0 1.0 60.0 0.0
60.0 0.0 0.0 1.0 60.0 0.0
60.0 0.0 0.0 1.0 60.0 0.0
60.0 0.0 0.0 1.0 60.0 0.0
60.0 0.0 0.0 1.0 60.0 0.0
60.0 0.0 0.0 1.0 60.0 0.0
60.0 0.0 0.0 1.0 60.0 0.0
60.0 0.0 0.0 1.0 60.0 0.0
60.0 0.0 0.0 1.0 60.0 0.0
60.0 0.0 0.0 1.0 60.0 0.0
60.0 0.0 0.0 1.0 60.0 0.0
60.0 0.0 0.0 1.0 60.0 0.0
60.0 0.0 0.0 1.0 60.0 0.0
60.0 0.0 0.0 1.3 60.0 0.0
60.0 0.0 0.0 1.5 60.0 0.0
60.0 0.0 0.0 1.7 60.0 0.0
60.0 0.0 0.0 1.5 60.0 0.0
60.0 0.0 0.0 1.0 60.0 0.0
60.0 0.0 1.0 1.0 60.0 0.0
61.0 0.0 1.0 1.0 60.0 0.0
61.0 0.0 1.0 1.0 60.0 0.0
61.0 0.0 1.0 1.0 60.0 0.0
61.0 0.0 1.0 1.0 60.0 0.0
61.0 0.0 0.0 1.0 60.0 0.0
60.0 0.0 1.0 1.0 60.0 0.0
60.0 0.0 1.0 1.0 60.0 0.0
60.0 0.0 1.0 1.0 60.0 0.0
60.0 0.0 1.0 1.0 60.0 0.0
60.0 0.0 1.0 1.0 60.0 0.0
60.0 0.0 1.0 1.0 59.0 0.0
60.0 0.0 1.0 1.0 59.0 0.0
60.0 0.0 1.0 1.0 59.0 0.0
60.0 0.0 1.0 1.0 59.0 0.0
60.0 0.0 1.0 1.0 59.0 0.0
60.0 0.0 1.0 1.0 59.0 0.0
