1.2
1.0
1.0
1.0
1.0
1.0
1.0
1.0
1.0
1.0
1.0
1.0
1.4
1.4
1.2
1.0
1.0
1.0
1.0
1.0
1.0
1.0
1.0
1.3
1.3
1.8
1.8
2.4
2.4
2.9
2.9
2.8
2.8
2.0
2.0
1.5
1.5
1.5
1.0
1.0
1.0
1.0
1.0
1.0
1.0
1.0
1.2
1.0
1.0
1.0
1.0
1.0
1.8
1.3
1.0
1.0
1.0
1.3
1.3
1.8
1.9
1.4
1.0
1.0
1.0
1.0
1.0
1.0
1.5
1.9
1.9
1.8
1.7
1.7
1.8
1.8
1.7
1.8
2.2
2.4
1.9
1.9
1.6
1.3
1.2
1.2
1.4
1.6
1.9
1.9
1.8
1.6
1.5
1.5
1.4
1.3
1.3
1.4
1.4
1.4
1.4
1.3
1.3
1.4
1.4
1.8
2.2
2.2
1.8
1.4
1.0
1.0
1.0
1.0
1.0
1.0
1.0
1.0
1.0
1.0
1.0
1.0
1.2
1.0
1.0
1.0
1.0
1.0
1.0
1.0
1.4
1.0
1.0
1.0
1.0
1.0
1.5
1.4
1.3
1.0
1.0
1.0
1.0
1.0
1.0
1.0
1.0
1.0
1.0
1.0
1.0
1.0
1.0
1.2
1.4
1.2
1.0
1.0
1.0
1.0
1.0
1.0
1.0
1.0
1.0
1.0
1.0
1.0
1.3
1.0
1.0
1.0
1.0
1.0
1.0
1.0
1.0
1.0
1.0
1.0
1.0
1.0
1.0
1.0
1.0
1.0
1.0
1.0
1.0
1.0
1.0
1.0
1.0
1.0
1.0
1.0
1.0
1.0
1.0
1.0
1.0
1.0
1.0
1.0
1.0
1.0
1.0
1.0
1.0
1.0
