49.0 0.0 0.0 1.6 49.0 0.0
49.0 0.0 0.0 1.6 49.0 0.0
49.0 0.0 0.0 1.4 49.0 0.0
49.0 0.0 0.0 1.2 49.0 0.0
49.0 0.0 0.0 1.0 49.0 0.0
49.0 0.0 0.0 1.0 49.0 0.0
49.0 0.0 0.0 1.0 49.0 0.0
49.0 0.0 0.0 1.0 49.0 0.0
49.0 0.0 0.0 1.2 49.0 0.0
49.0 0.0 0.0 1.2 49.0 0.0
49.0 0.0 0.0 1.0 49.0 0.0
49.0 0.0 0.0 1.0 49.0 0.0
49.0 0.0 0.0 1.0 55.0 0.0
49.0 0.0 0.0 1.0 55.0 0.0
49.0 0.0 0.0 1.0 55.0 0.0
49.0 0.0 0.0 1.0 55.0 0.0
49.0 0.0 0.0 1.0 55.0 0.0
49.0 0.0 0.0 1.0 55.0 0.0
49.0 0.0 0.0 1.3 55.0 0.0
49.0 0.0 0.0 1.4 55.0 0.0
49.0 0.0 0.0 1.5 55.0 0.0
49.0 0.0 0.0 1.5 55.0 0.0
55.0 0.0 1.0 1.0 61.0 0.0
55.0 0.0 1.0 1.0 61.0 0.0
55.0 0.0 1.0 1.0 61.0 0.0
55.0 0.0 1.0 1.2 61.0 0.0
55.0 0.0 1.0 1.4 61.0 0.0
55.0 0.0 1.0 1.4 61.0 0.0
55.0 0.0 1.0 1.5 61.0 0.0
55.0 0.0 0.0 1.4 61.0 0.0
55.0 0.0 0.0 1.2 61.0 0.0
55.0 0.0 0.0 1.0 61.0 0.0
61.0 0.0 0.0 1.0 61.0 0.0
61.0 0.0 0.0 1.0 61.0 0.0
61.0 0.0 0.0 1.2 61.0 0.0
61.0 0.0 1.0 1.2 61.0 0.0
61.0 0.0 1.0 1.4 61.0 0.0
61.0 0.0 0.0 1.6 61.0 0.0
61.0 0.0 0.0 1.4 61.0 0.0
61.0 0.0 0.0 1.0 61.0 0.0
61.0 0.0 0.0 1.0 61.0 0.0
61.0 0.0 0.0 1.0 61.0 0.0
61.0 0.0 0.0 1.0 61.0 0.0
61.0 0.0 0.0 1.0 61.0 0.0
61.0 0.0 0.0 1.0 61.0 0.0
61.0 0.0 0.0 1.0 61.0 0.0
61.0 0.0 0.0 1.0 61.0 0.0
61.0 0.0 1.0 1.0 61.0 0.0
61.0 0.0 1.0 1.2 61.0 0.0
61.0 0.0 1.0 1.0 61.0 0.0
61.0 0.0 1.0 1.0 61.0 0.0
61.0 0.0 1.0 1.0 61.0 0.0
61.0 0.0 1.0 1.0 61.0 0.0
61.0 0.0 1.0 1.0 61.0 0.0
61.0 0.0 1.0 1.2 61.0 0.0
61.0 0.0 1.0 1.0 61.0 0.0
61.0 0.0 1.0 1.0 61.0 0.0
61.0 0.0 1.0 1.0 61.0 0.0
61.0 0.0 0.0 1.0 61.0 0.0
61.0 0.0 0.0 1.0 61.0 0.0
61.0 0.0 0.0 1.0 64.0 0.0
61.0 0.0 0.0 1.0 64.0 0.0
61.0 0.0 1.0 1.0 64.0 0.0
61.0 0.0 1.0 1.0 64.0 0.0
61.0 0.0 1.0 1.0 64.0 0.0
61.0 0.0 1.0 1.0 64.0 0.0
61.0 0.0 1.0 1.0 64.0 0.0
61.0 0.0 1.0 1.0 64.0 0.0
61.0 0.0 0.0 1.0 64.0 0.0
61.0 0.0 1.0 1.0 64.0 0.0
64.0 0.0 1.0 1.0 64.0 0.0
64.0 0.0 1.0 1.0 64.0 0.0
64.0 0.0 0.0 1.0 64.0 0.0
64.0 0.0 1.0 1.0 64.0 0.0
64.0 0.0 1.0 1.0 64.0 0.0
64.0 0.0 1.0 1.0 64.0 0.0
64.0 0.0 1.0 1.0 64.0 0.0
64.0 0.0 0.0 1.0 64.0 0.0
64.0 0.0 0.0 1.0 64.0 0.0
64.0 0.0 1.0 1.0 64.0 0.0
64.0 0.0 1.0 1.0 64.0 0.0
64.0 0.0 0.0 1.0 64.0 0.0
64.0 0.0 0.0 1.0 64.0 0.0
64.0 0.0 1.0 1.0 64.0 0.0
64.0 0.0 1.0 1.0 64.0 0.0
64.0 0.0 1.0 1.0 64.0 0.0
64.0 0.0 1.0 1.0 64.0 0.0
64.0 0.0 1.0 1.0 64.0 0.0
64.0 0.0 1.0 1.0 64.0 0.0
64.0 0.0 1.0 1.0 64.0 0.0
64.0 0.0 0.0 1.2 64.0 0.0
64.0 0.0 1.0 1.2 64.0 0.0
64.0 0.0 1.0 1.2 64.0 0.0
64.0 0.0 0.0 1.0 64.0 0.0
64.0 0.0 0.0 1.0 64.0 0.0
64.0 0.0 0.0 1.0 64.0 0.0
64.0 0.0 0.0 1.0 64.0 0.0
64.0 0.0 1.0 1.0 64.0 0.0
64.0 0.0 1.0 1.0 64.0 0.0
64.0 0.0 1.0 1.0 64.0 0.0
64.0 0.0 1.0 1.0 64.0 0.0
64.0 0.0 1.0 1.0 64.0 0.0
64.0 0.0 1.0 1.0 64.0 0.0
64.0 0.0 1.0 1.0 64.0 0.0
64.0 0.0 1.0 1.0 64.0 0.0
64.0 0.0 1.0 1.4 67.0 0.0
64.0 0.0 1.0 1.4 67.0 0.0
64.0 0.0 1.0 1.4 67.0 0.0
64.0 0.0 1.0 1.3 67.0 0.0
64.0 0.0 0.0 1.3 67.0 0.0
64.0 0.0 0.0 1.3 67.0 0.0
64.0 0.0 0.0 1.2 67.0 0.0
64.0 0.0 0.0 1.2 67.0 0.0
64.0 0.0 0.0 1.2 67.0 0.0
64.0 0.0 0.0 1.2 67.0 0.0
67.0 0.0 0.0 1.0 67.0 0.0
67.0 0.0 0.0 1.0 67.0 0.0
67.0 0.0 0.0 1.2 67.0 0.0
67.0 0.0 0.0 1.2 67.0 0.0
67.0 0.0 0.0 1.4 67.0 0.0
67.0 0.0 0.0 1.4 67.0 0.0
67.0 0.0 0.0 1.3 67.0 0.0
67.0 0.0 0.0 1.3 67.0 0.0
67.0 0.0 0.0 1.0 67.0 0.0
67.0 0.0 0.0 1.0 67.0 0.0
67.0 0.0 0.0 1.0 67.0 0.0
67.0 0.0 0.0 1.0 67.0 0.0
67.0 0.0 0.0 1.0 67.0 0.0
67.0 0.0 0.0 1.0 67.0 0.0
67.0 0.0 0.0 1.0 67.0 0.0
67.0 0.0 0.0 1.0 67.0 0.0
67.0 0.0 0.0 1.0 67.0 0.0
67.0 0.0 0.0 1.0 67.0 0.0
67.0 0.0 0.0 1.0 67.0 0.0
67.0 0.0 0.0 1.0 67.0 0.0
67.0 0.0 0.0 1.0 67.0 0.0
67.0 0.0 0.0 1.0 67.0 0.0
67.0 0.0 0.0 1.3 67.0 0.0
67.0 0.0 0.0 1.3 67.0 0.0
67.0 0.0 0.0 1.4 67.0 0.0
67.0 0.0 0.0 1.4 67.0 0.0
67.0 0.0 0.0 1.4 67.0 0.0
67.0 0.0 0.0 1.4 67.0 0.0
67.0 0.0 0.0 1.0 67.0 0.0
67.0 0.0 0.0 1.0 67.0 0.0
67.0 0.0 0.0 1.0 67.0 0.0
67.0 0.0 0.0 1.0 67.0 0.0
67.0 0.0 0.0 1.0 67.0 0.0
67.0 0.0 0.0 1.0 67.0 0.0
67.0 0.0 0.0 1.0 67.0 0.0
67.0 0.0 0.0 1.0 67.0 0.0
67.0 0.0 0.0 1.0 67.0 0.0
67.0 0.0 0.0 1.0 67.0 0.0
67.0 0.0 0.0 1.4 67.0 0.0
67.0 0.0 0.0 1.4 67.0 0.0
67.0 0.0 0.0 1.6 67.0 0.0
67.0 0.0 0.0 1.6 67.0 0.0
67.0 0.0 0.0 1.6 67.0 0.0
67.0 0.0 0.0 1.6 67.0 0.0
67.0 0.0 0.0 1.5 67.0 0.0
67.0 0.0 0.0 1.5 67.0 0.0
67.0 0.0 0.0 1.5 66.0 0.0
67.0 0.0 0.0 1.4 66.0 0.0
67.0 0.0 0.0 1.4 66.0 0.0
67.0 0.0 0.0 1.2 66.0 0.0
67.0 0.0 0.0 1.2 66.0 0.0
67.0 0.0 1.0 1.2 66.0 0.0
67.0 0.0 0.0 1.0 66.0 0.0
67.0 0.0 0.0 1.0 66.0 0.0
67.0 0.0 0.0 1.0 66.0 0.0
67.0 0.0 0.0 1.0 66.0 0.0
66.0 0.0 0.0 2.0 66.0 0.0
66.0 0.0 0.0 2.0 66.0 0.0
66.0 0.0 0.0 2.0 66.0 0.0
66.0 0.0 0.0 2.0 66.0 0.0
66.0 0.0 0.0 2.0 66.0 0.0
66.0 0.0 0.0 2.0 66.0 0.0
66.0 0.0 0.0 1.8 66.0 0.0
66.0 0.0 0.0 1.8 66.0 0.0
66.0 0.0 0.0 1.8 66.0 0.0
66.0 0.0 0.0 1.8 66.0 0.0
66.0 0.0 0.0 1.6 66.0 0.0
66.0 0.0 0.0 1.6 66.0 0.0
66.0 0.0 0.0 1.4 66.0 0.0
66.0 0.0 0.0 1.4 66.0 0.0
66.0 0.0 1.0 1.4 66.0 0.0
66.0 0.0 1.0 1.4 66.0 0.0
66.0 0.0 1.0 1.6 66.0 0.0
66.0 0.0 1.0 1.6 66.0 0.0
66.0 0.0 1.0 1.9 66.0 0.0
66.0 0.0 1.0 1.9 66.0 0.0
66.0 0.0 1.0 2.1 66.0 0.0
66.0 0.0 1.0 2.1 66.0 0.0
66.0 0.0 0.0 2.1 66.0 0.0
66.0 0.0 1.0 2.1 66.0 0.0
66.0 0.0 0.0 2.1 66.0 0.0
66.0 0.0 0.0 2.0 66.0 0.0
66.0 0.0 0.0 2.0 66.0 0.0
66.0 0.0 0.0 1.9 66.0 0.0
66.0 0.0 0.0 1.9 66.0 0.0
66.0 0.0 0.0 1.9 66.0 0.0
66.0 0.0 0.0 1.7 66.0 0.0
66.0 0.0 0.0 1.7 66.0 0.0
66.0 0.0 0.0 1.5 66.0 0.0
66.0 0.0 0.0 1.5 66.0 0.0
66.0 0.0 0.0 1.5 66.0 0.0
66.0 0.0 0.0 1.5 66.0 0.0
66.0 0.0 0.0 1.8 66.0 0.0
66.0 0.0 0.0 1.8 66.0 0.0
66.0 0.0 1.0 1.8 66.0 0.0
66.0 0.0 1.0 2.0 66.0 0.0
66.0 0.0 0.0 2.0 66.0 0.0
66.0 0.0 0.0 2.1 66.0 0.0
66.0 0.0 0.0 2.1 66.0 0.0
66.0 0.0 0.0 1.8 66.0 0.0
66.0 0.0 0.0 1.8 66.0 0.0
66.0 0.0 0.0 1.8 66.0 0.0
66.0 0.0 0.0 1.4 66.0 0.0
66.0 0.0 0.0 1.4 66.0 0.0
66.0 0.0 0.0 1.0 66.0 0.0
66.0 0.0 0.0 1.0 66.0 0.0
66.0 0.0 0.0 1.0 66.0 0.0
66.0 0.0 0.0 1.0 66.0 0.0
66.0 0.0 0.0 1.0 66.0 0.0
66.0 0.0 0.0 1.0 66.0 0.0
66.0 0.0 0.0 1.2 66.0 0.0
66.0 0.0 0.0 1.2 66.0 0.0
66.0 0.0 0.0 1.5 66.0 0.0
66.0 0.0 0.0 1.5 66.0 0.0
66.0 0.0 0.0 1.5 66.0 0.0
66.0 0.0 0.0 1.9 66.0 0.0
66.0 0.0 0.0 1.9 66.0 0.0
66.0 0.0 0.0 2.3 66.0 0.0
66.0 0.0 0.0 2.3 66.0 0.0
66.0 0.0 0.0 2.2 66.0 0.0
66.0 0.0 0.0 2.2 66.0 0.0
66.0 0.0 0.0 1.8 66.0 0.0
66.0 0.0 0.0 1.8 66.0 0.0
66.0 0.0 0.0 1.6 66.0 0.0
66.0 0.0 0.0 1.6 66.0 0.0
66.0 0.0 0.0 1.4 66.0 0.0
66.0 0.0 0.0 1.4 66.0 0.0
66.0 0.0 0.0 1.5 66.0 0.0
66.0 0.0 0.0 1.5 66.0 0.0
66.0 0.0 0.0 1.5 66.0 0.0
66.0 0.0 0.0 1.6 66.0 0.0
66.0 0.0 0.0 1.6 66.0 0.0
66.0 0.0 0.0 2.0 66.0 0.0
66.0 0.0 0.0 2.0 66.0 0.0
66.0 0.0 0.0 2.2 66.0 0.0
66.0 0.0 0.0 2.2 66.0 0.0
66.0 0.0 0.0 2.2 66.0 0.0
66.0 0.0 0.0 2.3 66.0 0.0
66.0 0.0 0.0 2.3 66.0 0.0
66.0 0.0 0.0 2.1 66.0 0.0
66.0 0.0 0.0 2.1 66.0 0.0
66.0 0.0 0.0 2.1 66.0 0.0
66.0 0.0 0.0 1.7 66.0 0.0
66.0 0.0 0.0 1.7 66.0 0.0
66.0 0.0 0.0 1.4 66.0 0.0
66.0 0.0 0.0 1.4 66.0 0.0
66.0 0.0 0.0 1.3 65.0 0.0
66.0 0.0 0.0 1.3 65.0 0.0
66.0 0.0 0.0 1.3 58.0 0.0
66.0 0.0 0.0 1.3 58.0 0.0
66.0 0.0 0.0 1.3 58.0 0.0
66.0 0.0 0.0 1.3 58.0 0.0
66.0 0.0 0.0 1.3 58.0 0.0
66.0 0.0 0.0 1.3 58.0 0.0
66.0 0.0 0.0 1.4 58.0 0.0
66.0 0.0 0.0 1.4 58.0 0.0
65.0 0.0 0.0 1.2 58.0 0.0
65.0 0.0 0.0 1.2 58.0 0.0
58.0 0.0 0.0 1.0 58.0 0.0
58.0 0.0 0.0 1.0 58.0 0.0
58.0 0.0 0.0 1.0 58.0 0.0
58.0 0.0 0.0 1.0 57.0 0.0
58.0 0.0 0.0 1.0 57.0 0.0
58.0 0.0 0.0 1.0 57.0 0.0
58.0 0.0 0.0 1.0 57.0 0.0
58.0 0.0 0.0 1.0 57.0 0.0
58.0 0.0 0.0 1.0 57.0 0.0
58.0 0.0 0.0 1.0 57.0 0.0
58.0 0.0 0.0 1.0 57.0 0.0
58.0 0.0 0.0 1.0 57.0 0.0
58.0 0.0 0.0 1.0 57.0 0.0
57.0 0.0 0.0 1.0 57.0 0.0
57.0 0.0 0.0 1.0 57.0 0.0
57.0 0.0 0.0 1.0 57.0 0.0
57.0 0.0 0.0 1.0 57.0 0.0
57.0 0.0 0.0 1.0 57.0 0.0
57.0 0.0 0.0 1.0 57.0 0.0
57.0 0.0 0.0 1.0 57.0 0.0
57.0 0.0 0.0 1.0 57.0 0.0
57.0 0.0 0.0 1.0 57.0 0.0
57.0 0.0 0.0 1.0 57.0 0.0
57.0 0.0 0.0 1.0 57.0 0.0
57.0 0.0 0.0 1.0 57.0 0.0
57.0 0.0 0.0 1.0 57.0 0.0
57.0 0.0 0.0 1.0 57.0 0.0
57.0 0.0 0.0 1.0 57.0 0.0
57.0 0.0 0.0 1.0 57.0 0.0
57.0 0.0 0.0 1.0 57.0 0.0
57.0 0.0 0.0 1.0 57.0 0.0
57.0 0.0 0.0 1.0 57.0 0.0
57.0 0.0 0.0 1.0 57.0 0.0
57.0 0.0 0.0 1.0 57.0 0.0
57.0 0.0 0.0 1.0 57.0 0.0
57.0 0.0 0.0 1.0 57.0 0.0
57.0 0.0 0.0 1.0 57.0 0.0
57.0 0.0 0.0 1.0 57.0 0.0
57.0 0.0 0.0 1.0 57.0 0.0
57.0 0.0 0.0 1.0 57.0 0.0
57.0 0.0 0.0 1.0 57.0 0.0
57.0 0.0 0.0 1.0 56.0 0.0
57.0 0.0 0.0 1.0 56.0 0.0
57.0 0.0 0.0 1.0 56.0 0.0
57.0 0.0 0.0 1.0 56.0 0.0
57.0 0.0 0.0 1.0 56.0 0.0
57.0 0.0 0.0 1.0 56.0 0.0
57.0 0.0 0.0 1.0 56.0 0.0
57.0 0.0 0.0 1.0 56.0 0.0
57.0 0.0 0.0 1.0 56.0 0.0
57.0 0.0 0.0 1.0 56.0 0.0
56.0 0.0 0.0 1.0 56.0 0.0
56.0 0.0 0.0 1.0 56.0 0.0
56.0 0.0 0.0 1.0 56.0 0.0
56.0 0.0 0.0 1.0 56.0 0.0
56.0 0.0 0.0 1.0 56.0 0.0
56.0 0.0 0.0 1.0 56.0 0.0
56.0 0.0 0.0 1.0 56.0 0.0
56.0 0.0 0.0 1.0 56.0 0.0
56.0 0.0 0.0 1.0 56.0 0.0
56.0 0.0 0.0 1.0 56.0 0.0
56.0 0.0 0.0 1.0 56.0 0.0
56.0 0.0 0.0 1.0 56.0 0.0
56.0 0.0 0.0 1.0 56.0 0.0
56.0 0.0 0.0 1.0 56.0 0.0
56.0 0.0 0.0 1.0 56.0 0.0
56.0 0.0 0.0 1.0 56.0 0.0
56.0 0.0 0.0 1.0 56.0 0.0
56.0 0.0 0.0 1.0 54.0 0.0
56.0 0.0 0.0 1.0 54.0 0.0
56.0 0.0 0.0 1.0 54.0 0.0
56.0 0.0 0.0 1.0 54.0 0.0
56.0 0.0 0.0 1.0 54.0 0.0
56.0 0.0 0.0 1.0 54.0 0.0
56.0 0.0 0.0 1.0 54.0 0.0
56.0 0.0 0.0 1.0 54.0 0.0
56.0 0.0 0.0 1.0 54.0 0.0
56.0 0.0 0.0 1.0 54.0 0.0
54.0 0.0 0.0 1.0 54.0 0.0
54.0 0.0 0.0 1.0 54.0 0.0
54.0 0.0 0.0 1.0 54.0 0.0
54.0 0.0 0.0 1.0 54.0 0.0
54.0 0.0 0.0 1.0 54.0 0.0
54.0 0.0 0.0 1.0 54.0 0.0
54.0 0.0 0.0 1.0 54.0 0.0
54.0 0.0 0.0 1.0 54.0 0.0
54.0 0.0 0.0 1.0 54.0 0.0
54.0 0.0 0.0 1.0 54.0 0.0
54.0 0.0 0.0 1.0 54.0 0.0
54.0 0.0 0.0 1.0 54.0 0.0
54.0 0.0 0.0 1.0 54.0 0.0
54.0 0.0 0.0 1.0 54.0 0.0
54.0 0.0 0.0 1.0 54.0 0.0
54.0 0.0 0.0 1.0 54.0 0.0
54.0 0.0 0.0 1.0 54.0 0.0
54.0 0.0 0.0 1.0 54.0 0.0
54.0 0.0 0.0 1.0 54.0 0.0
54.0 0.0 0.0 1.0 54.0 0.0
54.0 0.0 0.0 1.0 54.0 0.0
54.0 0.0 0.0 1.0 54.0 0.0
54.0 0.0 0.0 1.0 54.0 0.0
54.0 0.0 0.0 1.0 54.0 0.0
54.0 0.0 0.0 1.0 54.0 0.0
54.0 0.0 0.0 1.0 54.0 0.0
54.0 0.0 0.0 1.0 54.0 0.0
54.0 0.0 0.0 1.0 54.0 0.0
54.0 0.0 0.0 1.0 54.0 0.0
54.0 0.0 0.0 1.0 52.0 0.0
54.0 0.0 0.0 1.0 52.0 0.0
54.0 0.0 0.0 1.0 52.0 0.0
54.0 0.0 0.0 1.0 52.0 0.0
54.0 0.0 0.0 1.0 52.0 0.0
54.0 0.0 0.0 1.0 52.0 0.0
54.0 0.0 0.0 1.0 52.0 0.0
54.0 0.0 0.0 1.0 52.0 0.0
54.0 0.0 0.0 1.0 52.0 0.0
54.0 0.0 0.0 1.0 52.0 0.0
52.0 0.0 0.0 1.0 52.0 0.0
52.0 0.0 0.0 1.0 52.0 0.0
52.0 0.0 0.0 1.0 52.0 0.0
52.0 0.0 0.0 1.0 52.0 0.0
52.0 0.0 0.0 1.0 52.0 0.0
52.0 0.0 0.0 1.0 52.0 0.0
52.0 0.0 0.0 1.0 52.0 0.0
52.0 0.0 0.0 1.0 52.0 0.0
52.0 0.0 0.0 1.0 52.0 0.0
52.0 0.0 0.0 1.0 52.0 0.0
52.0 0.0 0.0 1.0 52.0 0.0
52.0 0.0 0.0 1.0 52.0 0.0
52.0 0.0 0.0 1.0 52.0 0.0
52.0 0.0 0.0 1.0 52.0 0.0
52.0 0.0 0.0 1.0 52.0 0.0
52.0 0.0 0.0 1.0 52.0 0.0
52.0 0.0 0.0 1.0 52.0 0.0
52.0 0.0 0.0 1.0 52.0 0.0
52.0 0.0 0.0 1.0 52.0 0.0
52.0 0.0 0.0 1.0 52.0 0.0
52.0 0.0 0.0 1.0 52.0 0.0
52.0 0.0 0.0 1.0 52.0 0.0
52.0 0.0 0.0 1.0 52.0 0.0
52.0 0.0 0.0 1.0 52.0 0.0
52.0 0.0 0.0 1.0 52.0 0.0
52.0 0.0 0.0 1.0 52.0 0.0
52.0 0.0 0.0 1.0 52.0 0.0
52.0 0.0 0.0 1.0 52.0 0.0
52.0 0.0 0.0 1.0 50.0 0.0
52.0 0.0 0.0 1.0 50.0 0.0
52.0 0.0 0.0 1.0 50.0 0.0
52.0 0.0 0.0 1.0 50.0 0.0
52.0 0.0 0.0 1.0 50.0 0.0
52.0 0.0 0.0 1.0 50.0 0.0
52.0 0.0 0.0 1.0 50.0 0.0
52.0 0.0 0.0 1.0 50.0 0.0
52.0 0.0 0.0 1.0 50.0 0.0
52.0 0.0 0.0 1.0 50.0 0.0
50.0 0.0 0.0 1.0 50.0 0.0
50.0 0.0 0.0 1.0 50.0 0.0
50.0 0.0 0.0 1.0 50.0 0.0
50.0 0.0 0.0 1.0 50.0 0.0
50.0 0.0 0.0 1.0 50.0 0.0
50.0 0.0 0.0 1.0 50.0 0.0
50.0 0.0 0.0 1.0 50.0 0.0
50.0 0.0 0.0 1.0 50.0 0.0
50.0 0.0 0.0 1.0 50.0 0.0
50.0 0.0 0.0 1.0 50.0 0.0
50.0 0.0 0.0 1.0 50.0 0.0
50.0 0.0 0.0 1.0 50.0 0.0
50.0 0.0 0.0 1.0 50.0 0.0
50.0 0.0 0.0 1.0 50.0 0.0
50.0 0.0 0.0 1.0 50.0 0.0
50.0 0.0 0.0 1.0 50.0 0.0
50.0 0.0 0.0 1.0 50.0 0.0
50.0 0.0 0.0 1.0 50.0 0.0
50.0 0.0 0.0 1.0 50.0 0.0
50.0 0.0 0.0 1.5 50.0 0.0
50.0 0.0 0.0 1.9 50.0 0.0
50.0 0.0 0.0 1.9 50.0 0.0
50.0 0.0 0.0 1.9 50.0 0.0
50.0 0.0 0.0 1.9 50.0 0.0
50.0 0.0 0.0 1.9 50.0 0.0
50.0 0.0 0.0 2.0 50.0 0.0
50.0 0.0 0.0 1.8 49.0 0.0
50.0 0.0 0.0 1.7 49.0 0.0
50.0 0.0 0.0 1.4 49.0 0.0
50.0 0.0 0.0 1.0 49.0 0.0
50.0 0.0 0.0 1.0 49.0 0.0
50.0 0.0 0.0 1.0 49.0 0.0
50.0 0.0 0.0 1.2 49.0 0.0
50.0 0.0 0.0 1.5 49.0 0.0
50.0 0.0 0.0 2.1 49.0 0.0
50.0 0.0 0.0 1.9 49.0 0.0
49.0 0.0 0.0 1.5 49.0 0.0
49.0 0.0 0.0 1.0 49.0 0.0
49.0 0.0 0.0 1.0 49.0 0.0
49.0 0.0 0.0 1.2 49.0 0.0
49.0 0.0 0.0 1.8 49.0 0.0
49.0 0.0 0.0 2.5 49.0 0.0
49.0 0.0 0.0 2.7 49.0 0.0
49.0 0.0 0.0 2.3 49.0 0.0
49.0 0.0 0.0 2.3 49.0 0.0
49.0 0.0 0.0 1.8 49.0 0.0
49.0 0.0 0.0 1.4 49.0 0.0
49.0 0.0 0.0 1.0 49.0 0.0
49.0 0.0 0.0 1.0 49.0 0.0
49.0 0.0 0.0 1.0 49.0 0.0
49.0 0.0 0.0 1.2 49.0 0.0
49.0 0.0 0.0 1.8 49.0 0.0
49.0 0.0 0.0 2.2 49.0 0.0
49.0 0.0 0.0 1.8 49.0 0.0
49.0 0.0 0.0 1.4 49.0 0.0
49.0 0.0 0.0 1.4 49.0 0.0
49.0 0.0 0.0 1.0 49.0 0.0
49.0 0.0 0.0 1.0 50.0 0.0
49.0 0.0 0.0 1.0 50.0 0.0
49.0 0.0 0.0 1.4 50.0 0.0
49.0 0.0 0.0 1.9 50.0 0.0
49.0 0.0 0.0 1.9 50.0 0.0
49.0 0.0 0.0 2.3 50.0 0.0
49.0 0.0 0.0 1.9 50.0 0.0
49.0 0.0 0.0 1.5 50.0 0.0
49.0 0.0 0.0 1.0 50.0 0.0
49.0 0.0 0.0 1.0 50.0 0.0
50.0 0.0 0.0 1.0 50.0 0.0
50.0 0.0 0.0 1.3 50.0 0.0
50.0 0.0 0.0 1.8 50.0 0.0
50.0 0.0 0.0 2.0 50.0 0.0
50.0 0.0 0.0 1.7 50.0 0.0
50.0 0.0 0.0 1.7 50.0 0.0
50.0 0.0 0.0 1.4 50.0 0.0
50.0 0.0 0.0 1.0 50.0 0.0
50.0 0.0 0.0 1.0 50.0 0.0
50.0 0.0 0.0 1.0 50.0 0.0
50.0 0.0 0.0 1.0 50.0 0.0
50.0 0.0 0.0 1.0 50.0 0.0
50.0 0.0 0.0 1.0 50.0 0.0
50.0 0.0 0.0 1.4 50.0 0.0
50.0 0.0 0.0 1.9 50.0 0.0
50.0 0.0 0.0 1.9 50.0 0.0
50.0 0.0 0.0 1.7 50.0 0.0
50.0 0.0 0.0 1.3 50.0 0.0
50.0 0.0 0.0 1.0 50.0 0.0
50.0 0.0 0.0 1.3 50.0 0.0
50.0 0.0 0.0 1.7 50.0 0.0
50.0 0.0 0.0 1.7 50.0 0.0
50.0 0.0 0.0 2.2 50.0 0.0
50.0 0.0 0.0 2.7 50.0 0.0
50.0 0.0 0.0 2.4 50.0 0.0
50.0 0.0 0.0 2.0 50.0 0.0
50.0 0.0 0.0 1.6 50.0 0.0
50.0 0.0 0.0 1.2 50.0 0.0
50.0 0.0 0.0 1.0 50.0 0.0
50.0 0.0 0.0 1.0 50.0 0.0
50.0 0.0 0.0 1.5 50.0 0.0
50.0 0.0 0.0 2.0 50.0 0.0
50.0 0.0 0.0 2.6 50.0 0.0
50.0 0.0 0.0 3.2 50.0 0.0
50.0 0.0 0.0 2.7 50.0 0.0
50.0 0.0 0.0 2.2 50.0 0.0
50.0 0.0 1.0 2.2 50.0 0.0
50.0 0.0 1.0 1.9 50.0 0.0
50.0 0.0 1.0 1.8 50.0 0.0
50.0 0.0 0.0 2.0 50.0 0.0
50.0 0.0 0.0 2.3 50.0 0.0
50.0 0.0 0.0 2.1 50.0 0.0
50.0 0.0 0.0 1.8 50.0 0.0
50.0 0.0 0.0 1.5 50.0 0.0
50.0 0.0 0.0 1.5 50.0 0.0
50.0 0.0 0.0 1.6 50.0 0.0
50.0 0.0 0.0 2.0 50.0 0.0
50.0 0.0 0.0 2.5 50.0 0.0
50.0 0.0 0.0 2.8 50.0 0.0
50.0 0.0 0.0 2.2 50.0 0.0
50.0 0.0 0.0 2.2 50.0 0.0
50.0 0.0 0.0 1.7 50.0 0.0
50.0 0.0 0.0 1.3 50.0 0.0
50.0 0.0 0.0 1.3 50.0 0.0
50.0 0.0 0.0 1.5 50.0 0.0
50.0 0.0 0.0 1.6 50.0 0.0
50.0 0.0 0.0 1.7 50.0 0.0
50.0 0.0 0.0 1.7 50.0 0.0
50.0 0.0 0.0 1.7 50.0 0.0
50.0 0.0 0.0 1.7 50.0 0.0
50.0 0.0 0.0 1.6 50.0 0.0
50.0 0.0 0.0 1.5 50.0 0.0
50.0 0.0 0.0 1.4 50.0 0.0
50.0 0.0 0.0 1.4 50.0 0.0
50.0 0.0 0.0 1.6 50.0 0.0
50.0 0.0 0.0 1.7 50.0 0.0
50.0 0.0 0.0 1.7 52.0 0.0
50.0 0.0 0.0 1.9 52.0 0.0
50.0 0.0 0.0 1.8 52.0 0.0
50.0 0.0 0.0 1.6 52.0 0.0
50.0 0.0 0.0 1.4 52.0 0.0
50.0 0.0 0.0 1.3 52.0 0.0
50.0 0.0 0.0 1.5 52.0 0.0
50.0 0.0 0.0 1.8 52.0 0.0
50.0 0.0 0.0 1.9 52.0 0.0
50.0 0.0 0.0 2.1 52.0 0.0
52.0 0.0 0.0 2.0 52.0 0.0
52.0 0.0 0.0 1.8 52.0 0.0
52.0 0.0 0.0 1.6 52.0 0.0
52.0 0.0 0.0 1.6 52.0 0.0
52.0 0.0 0.0 1.8 52.0 0.0
52.0 0.0 0.0 2.0 52.0 0.0
52.0 0.0 0.0 2.0 52.0 0.0
52.0 0.0 0.0 1.8 52.0 0.0
52.0 0.0 0.0 1.7 52.0 0.0
52.0 0.0 0.0 1.7 52.0 0.0
52.0 0.0 0.0 1.9 52.0 0.0
52.0 0.0 0.0 1.9 52.0 0.0
52.0 0.0 0.0 1.8 52.0 0.0
52.0 0.0 0.0 1.6 52.0 0.0
52.0 0.0 0.0 1.5 52.0 0.0
52.0 0.0 0.0 1.6 52.0 0.0
52.0 0.0 0.0 1.9 55.0 0.0
52.0 0.0 0.0 1.9 55.0 0.0
52.0 0.0 0.0 1.7 55.0 0.0
52.0 0.0 0.0 1.5 55.0 0.0
52.0 0.0 0.0 1.3 55.0 0.0
52.0 0.0 0.0 1.3 55.0 0.0
52.0 0.0 1.0 1.4 55.0 0.0
52.0 0.0 1.0 1.7 55.0 0.0
52.0 0.0 1.0 2.1 55.0 0.0
52.0 0.0 1.0 2.1 55.0 0.0
55.0 0.0 1.0 1.8 55.0 0.0
55.0 0.0 1.0 1.5 55.0 0.0
55.0 0.0 1.0 1.3 55.0 0.0
55.0 0.0 1.0 1.2 55.0 0.0
55.0 0.0 1.0 1.2 55.0 0.0
55.0 0.0 1.0 1.2 55.0 0.0
55.0 0.0 1.0 1.0 55.0 0.0
55.0 0.0 1.0 1.0 55.0 0.0
55.0 0.0 1.0 1.0 55.0 0.0
55.0 0.0 1.0 1.0 55.0 0.0
55.0 0.0 1.0 1.0 55.0 0.0
55.0 0.0 1.0 1.0 73.0 0.0
55.0 0.0 1.0 1.0 73.0 0.0
55.0 0.0 1.0 1.0 73.0 0.0
55.0 0.0 1.0 1.0 73.0 0.0
55.0 0.0 1.0 1.0 73.0 0.0
55.0 0.0 1.0 1.0 73.0 0.0
55.0 0.0 1.0 1.0 73.0 0.0
55.0 0.0 1.0 1.0 73.0 0.0
55.0 0.0 1.0 1.0 73.0 0.0
55.0 0.0 1.0 1.0 73.0 0.0
73.0 0.0 0.0 1.0 73.0 0.0
73.0 0.0 0.0 1.3 73.0 0.0
73.0 0.0 0.0 1.4 73.0 0.0
73.0 0.0 0.0 1.4 73.0 0.0
73.0 0.0 0.0 1.5 73.0 0.0
73.0 0.0 0.0 1.5 73.0 0.0
73.0 0.0 0.0 1.5 74.0 0.0
73.0 0.0 0.0 1.5 74.0 0.0
73.0 0.0 0.0 1.3 74.0 0.0
73.0 0.0 0.0 1.3 74.0 0.0
73.0 0.0 0.0 1.3 74.0 0.0
73.0 0.0 1.0 1.5 74.0 0.0
73.0 0.0 0.0 1.5 74.0 0.0
73.0 0.0 0.0 1.5 74.0 0.0
73.0 0.0 0.0 1.4 74.0 0.0
73.0 0.0 0.0 1.2 74.0 0.0
74.0 0.0 0.0 1.2 74.0 0.0
74.0 0.0 0.0 1.2 74.0 0.0
74.0 0.0 0.0 1.0 74.0 0.0
74.0 0.0 1.0 1.0 74.0 0.0
74.0 0.0 0.0 1.0 74.0 0.0
74.0 0.0 1.0 1.3 74.0 0.0
74.0 0.0 1.0 1.6 74.0 0.0
74.0 0.0 1.0 1.8 74.0 0.0
74.0 0.0 0.0 2.0 74.0 0.0
74.0 0.0 0.0 2.2 74.0 0.0
74.0 0.0 1.0 2.1 74.0 0.0
74.0 0.0 0.0 1.7 74.0 0.0
74.0 0.0 0.0 1.7 74.0 0.0
74.0 0.0 0.0 1.3 74.0 0.0
74.0 0.0 0.0 1.3 74.0 0.0
74.0 0.0 0.0 1.2 74.0 0.0
74.0 0.0 0.0 1.3 74.0 0.0
74.0 0.0 0.0 1.4 74.0 0.0
74.0 0.0 0.0 1.7 73.0 0.0
74.0 0.0 0.0 1.9 73.0 0.0
74.0 0.0 0.0 1.9 73.0 0.0
74.0 0.0 0.0 1.9 73.0 0.0
74.0 0.0 0.0 1.6 73.0 0.0
74.0 0.0 0.0 1.4 73.0 0.0
74.0 0.0 0.0 1.2 73.0 0.0
74.0 0.0 0.0 1.3 73.0 0.0
74.0 0.0 0.0 1.4 73.0 0.0
74.0 0.0 1.0 1.4 73.0 0.0
73.0 0.0 1.0 1.3 73.0 0.0
73.0 0.0 0.0 1.2 73.0 0.0
73.0 0.0 0.0 1.2 73.0 0.0
73.0 0.0 1.0 1.4 73.0 0.0
73.0 0.0 1.0 1.5 73.0 0.0
73.0 0.0 1.0 1.5 73.0 0.0
73.0 0.0 1.0 1.2 73.0 0.0
73.0 0.0 1.0 1.0 73.0 0.0
73.0 0.0 1.0 1.0 73.0 0.0
73.0 0.0 1.0 1.0 73.0 0.0
73.0 0.0 1.0 1.0 73.0 0.0
73.0 0.0 1.0 1.5 73.0 0.0
73.0 0.0 1.0 1.9 73.0 0.0
73.0 0.0 1.0 2.1 73.0 0.0
73.0 0.0 1.0 1.8 73.0 0.0
73.0 0.0 1.0 1.4 73.0 0.0
73.0 0.0 1.0 1.0 73.0 0.0
73.0 0.0 1.0 1.0 73.0 0.0
73.0 0.0 1.0 1.0 73.0 0.0
73.0 0.0 1.0 1.4 73.0 0.0
73.0 0.0 0.0 1.6 73.0 0.0
73.0 0.0 1.0 1.5 73.0 0.0
73.0 0.0 1.0 1.3 73.0 0.0
73.0 0.0 0.0 1.0 73.0 0.0
73.0 0.0 0.0 1.0 73.0 0.0
73.0 0.0 0.0 1.0 73.0 0.0
73.0 0.0 0.0 1.4 73.0 0.0
73.0 0.0 0.0 1.6 73.0 0.0
73.0 0.0 1.0 1.6 73.0 0.0
73.0 0.0 0.0 1.5 73.0 0.0
73.0 0.0 1.0 1.4 73.0 0.0
73.0 0.0 1.0 1.5 73.0 0.0
73.0 0.0 1.0 1.5 73.0 0.0
73.0 0.0 1.0 1.6 73.0 0.0
73.0 0.0 1.0 1.4 73.0 0.0
73.0 0.0 1.0 1.4 73.0 0.0
73.0 0.0 1.0 1.4 73.0 0.0
73.0 0.0 1.0 1.4 73.0 0.0
73.0 0.0 1.0 1.8 73.0 0.0
73.0 0.0 1.0 2.1 73.0 0.0
73.0 0.0 1.0 1.8 73.0 0.0
73.0 0.0 1.0 1.5 73.0 0.0
73.0 0.0 1.0 1.3 73.0 0.0
73.0 0.0 1.0 1.5 73.0 0.0
73.0 0.0 1.0 1.8 73.0 0.0
73.0 0.0 1.0 1.9 73.0 0.0
73.0 0.0 0.0 1.9 73.0 0.0
73.0 0.0 0.0 1.7 73.0 0.0
73.0 0.0 1.0 1.6 73.0 0.0
73.0 0.0 1.0 1.5 73.0 0.0
73.0 0.0 1.0 1.5 73.0 0.0
73.0 0.0 0.0 1.6 73.0 0.0
73.0 0.0 0.0 1.7 73.0 0.0
73.0 0.0 0.0 1.8 73.0 0.0
73.0 0.0 0.0 1.6 73.0 0.0
73.0 0.0 0.0 1.5 73.0 0.0
73.0 0.0 0.0 1.6 73.0 0.0
73.0 0.0 0.0 1.8 72.0 0.0
73.0 0.0 0.0 1.8 72.0 0.0
73.0 0.0 0.0 1.8 72.0 0.0
73.0 0.0 0.0 1.8 72.0 0.0
73.0 0.0 1.0 1.9 72.0 0.0
73.0 0.0 1.0 1.8 72.0 0.0
73.0 0.0 1.0 1.8 72.0 0.0
73.0 0.0 0.0 1.9 72.0 0.0
73.0 0.0 0.0 1.9 72.0 0.0
73.0 0.0 0.0 1.8 72.0 0.0
72.0 0.0 0.0 1.9 72.0 0.0
72.0 0.0 0.0 1.9 72.0 0.0
72.0 0.0 0.0 2.0 72.0 0.0
72.0 0.0 0.0 1.9 72.0 0.0
72.0 0.0 0.0 1.9 72.0 0.0
72.0 0.0 0.0 2.1 72.0 0.0
72.0 0.0 0.0 2.2 72.0 0.0
72.0 0.0 0.0 2.3 72.0 0.0
72.0 0.0 0.0 2.1 72.0 0.0
72.0 0.0 0.0 1.9 72.0 0.0
72.0 0.0 0.0 1.9 72.0 0.0
72.0 0.0 0.0 1.8 72.0 0.0
72.0 0.0 0.0 1.7 72.0 0.0
72.0 0.0 0.0 1.6 72.0 0.0
72.0 0.0 0.0 1.5 72.0 0.0
72.0 0.0 0.0 1.5 72.0 0.0
72.0 0.0 0.0 1.4 72.0 0.0
72.0 0.0 0.0 1.3 72.0 0.0
72.0 0.0 0.0 1.0 72.0 0.0
72.0 0.0 0.0 1.2 71.0 0.0
72.0 0.0 0.0 1.2 71.0 0.0
72.0 0.0 0.0 1.2 71.0 0.0
72.0 0.0 0.0 1.2 71.0 0.0
72.0 0.0 0.0 1.3 71.0 0.0
72.0 0.0 0.0 1.6 71.0 0.0
72.0 0.0 0.0 1.7 71.0 0.0
72.0 0.0 0.0 1.5 71.0 0.0
72.0 0.0 0.0 1.5 71.0 0.0
72.0 0.0 0.0 1.0 71.0 0.0
71.0 0.0 0.0 1.0 71.0 0.0
71.0 0.0 0.0 1.0 71.0 0.0
71.0 0.0 0.0 1.0 71.0 0.0
71.0 0.0 0.0 1.3 71.0 0.0
71.0 0.0 0.0 1.6 71.0 0.0
71.0 0.0 0.0 1.5 71.0 0.0
71.0 0.0 0.0 1.0 71.0 0.0
71.0 0.0 0.0 1.0 71.0 0.0
71.0 0.0 0.0 1.0 71.0 0.0
71.0 0.0 0.0 1.0 71.0 0.0
71.0 0.0 0.0 1.0 71.0 0.0
71.0 0.0 0.0 1.0 71.0 0.0
71.0 0.0 0.0 1.0 71.0 0.0
71.0 0.0 0.0 1.0 71.0 0.0
71.0 0.0 0.0 1.0 71.0 0.0
71.0 0.0 0.0 1.2 71.0 0.0
71.0 0.0 0.0 1.3 71.0 0.0
71.0 0.0 0.0 1.2 71.0 0.0
71.0 0.0 0.0 1.0 71.0 0.0
71.0 0.0 0.0 1.0 71.0 0.0
71.0 0.0 0.0 1.0 71.0 0.0
71.0 0.0 0.0 1.0 71.0 0.0
71.0 0.0 0.0 1.0 71.0 0.0
71.0 0.0 0.0 1.0 71.0 0.0
71.0 0.0 0.0 1.0 71.0 0.0
71.0 0.0 0.0 1.0 71.0 0.0
71.0 0.0 0.0 1.0 69.0 0.0
71.0 0.0 0.0 1.0 69.0 0.0
71.0 0.0 0.0 1.0 69.0 0.0
71.0 0.0 0.0 1.0 69.0 0.0
71.0 0.0 0.0 1.0 69.0 0.0
71.0 0.0 0.0 1.0 69.0 0.0
71.0 0.0 0.0 1.0 69.0 0.0
71.0 0.0 0.0 1.0 69.0 0.0
71.0 0.0 0.0 1.0 69.0 0.0
71.0 0.0 0.0 1.0 69.0 0.0
69.0 0.0 0.0 1.0 69.0 0.0
69.0 0.0 0.0 1.0 69.0 0.0
69.0 0.0 0.0 1.3 69.0 0.0
69.0 0.0 0.0 1.3 69.0 0.0
69.0 0.0 0.0 1.4 69.0 0.0
69.0 0.0 0.0 1.2 69.0 0.0
69.0 0.0 0.0 1.0 69.0 0.0
69.0 0.0 0.0 1.2 69.0 0.0
69.0 0.0 0.0 1.4 69.0 0.0
69.0 0.0 0.0 1.6 69.0 0.0
69.0 0.0 0.0 1.7 69.0 0.0
69.0 0.0 0.0 1.5 69.0 0.0
69.0 0.0 0.0 1.3 69.0 0.0
69.0 0.0 0.0 1.3 69.0 0.0
69.0 0.0 0.0 1.3 69.0 0.0
69.0 0.0 0.0 1.2 69.0 0.0
69.0 0.0 0.0 1.3 69.0 0.0
69.0 0.0 0.0 1.3 69.0 0.0
69.0 0.0 0.0 1.3 69.0 0.0
69.0 0.0 0.0 1.2 69.0 0.0
69.0 0.0 0.0 1.0 69.0 0.0
69.0 0.0 0.0 1.0 69.0 0.0
69.0 0.0 0.0 1.0 69.0 0.0
69.0 0.0 0.0 1.0 69.0 0.0
69.0 0.0 0.0 1.2 69.0 0.0
69.0 0.0 0.0 1.4 69.0 0.0
69.0 0.0 0.0 1.4 69.0 0.0
69.0 0.0 0.0 1.4 69.0 0.0
69.0 0.0 0.0 1.4 69.0 0.0
69.0 0.0 0.0 1.0 69.0 0.0
69.0 0.0 0.0 1.0 69.0 0.0
69.0 0.0 0.0 1.0 69.0 0.0
69.0 0.0 0.0 1.0 66.0 0.0
69.0 0.0 0.0 1.2 66.0 0.0
69.0 0.0 0.0 1.2 66.0 0.0
69.0 0.0 0.0 1.4 66.0 0.0
69.0 0.0 0.0 1.7 66.0 0.0
69.0 0.0 0.0 2.0 66.0 0.0
69.0 0.0 0.0 1.9 66.0 0.0
69.0 0.0 0.0 1.7 66.0 0.0
69.0 0.0 0.0 1.7 66.0 0.0
69.0 0.0 0.0 1.5 66.0 0.0
66.0 0.0 0.0 1.5 66.0 0.0
66.0 0.0 0.0 1.5 66.0 0.0
66.0 0.0 0.0 1.4 66.0 0.0
66.0 0.0 0.0 1.4 66.0 0.0
66.0 0.0 0.0 1.2 66.0 0.0
66.0 0.0 0.0 1.2 66.0 0.0
66.0 0.0 0.0 1.0 66.0 0.0
66.0 0.0 0.0 1.0 66.0 0.0
66.0 0.0 0.0 1.2 66.0 0.0
66.0 0.0 0.0 1.2 66.0 0.0
66.0 0.0 0.0 1.2 66.0 0.0
66.0 0.0 0.0 1.3 66.0 0.0
66.0 0.0 0.0 1.3 66.0 0.0
66.0 0.0 0.0 1.3 66.0 0.0
66.0 0.0 0.0 1.4 66.0 0.0
66.0 0.0 0.0 1.4 66.0 0.0
66.0 0.0 0.0 1.0 66.0 0.0
66.0 0.0 0.0 1.4 66.0 0.0
66.0 0.0 0.0 1.3 66.0 0.0
66.0 0.0 0.0 1.3 66.0 0.0
66.0 0.0 0.0 1.2 66.0 0.0
66.0 0.0 0.0 1.2 66.0 0.0
66.0 0.0 0.0 1.0 66.0 0.0
66.0 0.0 0.0 1.0 66.0 0.0
66.0 0.0 0.0 1.2 66.0 0.0
66.0 0.0 0.0 1.2 66.0 0.0
66.0 0.0 0.0 1.6 66.0 0.0
66.0 0.0 0.0 2.1 66.0 0.0
66.0 0.0 0.0 1.9 66.0 0.0
66.0 0.0 0.0 1.9 66.0 0.0
66.0 0.0 0.0 1.4 66.0 0.0
66.0 0.0 0.0 1.4 66.0 0.0
66.0 0.0 0.0 1.4 66.0 0.0
66.0 0.0 0.0 1.0 66.0 0.0
66.0 0.0 0.0 1.0 66.0 0.0
66.0 0.0 0.0 1.0 65.0 0.0
66.0 0.0 0.0 1.0 66.0 0.0
66.0 0.0 0.0 1.0 65.0 0.0
66.0 0.0 0.0 1.0 65.0 0.0
66.0 0.0 0.0 1.0 65.0 0.0
66.0 0.0 0.0 1.2 65.0 0.0
66.0 0.0 0.0 1.2 65.0 0.0
66.0 0.0 0.0 1.6 65.0 0.0
66.0 0.0 0.0 1.0 65.0 0.0
66.0 0.0 0.0 1.0 65.0 0.0
65.0 0.0 0.0 1.0 65.0 0.0
66.0 0.0 0.0 1.0 65.0 0.0
65.0 0.0 0.0 1.5 65.0 0.0
65.0 0.0 0.0 1.5 65.0 0.0
65.0 0.0 0.0 2.0 65.0 0.0
65.0 0.0 0.0 2.0 65.0 0.0
65.0 0.0 0.0 2.0 65.0 0.0
65.0 0.0 0.0 2.0 65.0 0.0
65.0 0.0 0.0 2.3 65.0 0.0
65.0 0.0 0.0 2.3 65.0 0.0
65.0 0.0 0.0 1.8 65.0 0.0
65.0 0.0 0.0 1.8 65.0 0.0
65.0 0.0 0.0 1.3 65.0 0.0
65.0 0.0 0.0 1.3 65.0 0.0
65.0 0.0 0.0 1.0 65.0 0.0
65.0 0.0 0.0 1.0 65.0 0.0
65.0 0.0 0.0 1.0 65.0 0.0
65.0 0.0 0.0 1.0 65.0 0.0
65.0 0.0 0.0 1.0 65.0 0.0
65.0 0.0 0.0 1.0 65.0 0.0
65.0 0.0 0.0 1.3 65.0 0.0
65.0 0.0 0.0 1.3 65.0 0.0
65.0 0.0 0.0 1.3 65.0 0.0
65.0 0.0 0.0 1.3 65.0 0.0
65.0 0.0 0.0 1.6 65.0 0.0
65.0 0.0 0.0 1.6 65.0 0.0
65.0 0.0 0.0 1.5 65.0 0.0
65.0 0.0 0.0 1.5 65.0 0.0
65.0 0.0 0.0 1.0 65.0 0.0
65.0 0.0 0.0 1.0 65.0 0.0
65.0 0.0 0.0 1.0 65.0 0.0
65.0 0.0 0.0 1.0 65.0 0.0
65.0 0.0 0.0 1.0 65.0 0.0
65.0 0.0 0.0 1.0 65.0 0.0
65.0 0.0 0.0 1.0 65.0 0.0
65.0 0.0 0.0 1.0 65.0 0.0
65.0 0.0 0.0 1.0 65.0 0.0
65.0 0.0 0.0 1.0 65.0 0.0
65.0 0.0 0.0 1.0 63.0 0.0
65.0 0.0 0.0 1.5 63.0 0.0
65.0 0.0 0.0 1.5 63.0 0.0
65.0 0.0 0.0 1.5 63.0 0.0
65.0 0.0 0.0 1.8 63.0 0.0
65.0 0.0 0.0 1.8 63.0 0.0
65.0 0.0 0.0 1.8 63.0 0.0
65.0 0.0 0.0 1.8 63.0 0.0
65.0 0.0 0.0 1.4 63.0 0.0
65.0 0.0 0.0 1.4 63.0 0.0
63.0 0.0 0.0 1.0 63.0 0.0
63.0 0.0 0.0 1.0 63.0 0.0
63.0 0.0 0.0 1.0 63.0 0.0
63.0 0.0 0.0 1.0 63.0 0.0
63.0 0.0 0.0 1.0 63.0 0.0
63.0 0.0 0.0 1.0 63.0 0.0
63.0 0.0 0.0 1.2 63.0 0.0
63.0 0.0 0.0 1.2 63.0 0.0
63.0 0.0 0.0 1.4 63.0 0.0
63.0 0.0 0.0 1.3 63.0 0.0
63.0 0.0 0.0 1.0 63.0 0.0
63.0 0.0 0.0 1.0 63.0 0.0
63.0 0.0 0.0 1.0 63.0 0.0
63.0 0.0 0.0 1.0 63.0 0.0
63.0 0.0 0.0 1.0 63.0 0.0
63.0 0.0 0.0 1.0 63.0 0.0
63.0 0.0 0.0 1.0 63.0 0.0
63.0 0.0 0.0 1.0 63.0 0.0
63.0 0.0 0.0 1.0 63.0 0.0
63.0 0.0 0.0 1.0 63.0 0.0
63.0 0.0 0.0 1.0 63.0 0.0
63.0 0.0 0.0 1.0 63.0 0.0
63.0 0.0 0.0 1.0 63.0 0.0
63.0 0.0 0.0 1.0 63.0 0.0
63.0 0.0 0.0 1.0 62.0 0.0
63.0 0.0 0.0 1.0 62.0 0.0
63.0 0.0 0.0 1.0 62.0 0.0
63.0 0.0 0.0 1.0 62.0 0.0
63.0 0.0 0.0 1.0 62.0 0.0
63.0 0.0 0.0 1.0 62.0 0.0
63.0 0.0 1.0 1.0 62.0 0.0
63.0 0.0 0.0 1.0 62.0 0.0
63.0 0.0 0.0 1.0 62.0 0.0
63.0 0.0 0.0 1.0 62.0 0.0
62.0 0.0 0.0 1.0 62.0 0.0
62.0 0.0 0.0 1.0 62.0 0.0
62.0 0.0 0.0 1.0 62.0 0.0
62.0 0.0 0.0 1.0 62.0 0.0
62.0 0.0 0.0 1.0 62.0 0.0
62.0 0.0 0.0 1.0 62.0 0.0
62.0 0.0 0.0 1.0 62.0 0.0
62.0 0.0 0.0 1.0 62.0 0.0
62.0 0.0 0.0 1.0 62.0 0.0
62.0 0.0 0.0 1.0 62.0 0.0
62.0 0.0 0.0 1.0 62.0 0.0
62.0 0.0 0.0 1.0 62.0 0.0
62.0 0.0 0.0 1.0 62.0 0.0
62.0 0.0 0.0 1.0 62.0 0.0
62.0 0.0 0.0 1.0 60.0 0.0
62.0 0.0 0.0 1.0 60.0 0.0
62.0 0.0 0.0 1.0 60.0 0.0
62.0 0.0 0.0 1.0 60.0 0.0
62.0 0.0 0.0 1.0 60.0 0.0
62.0 0.0 0.0 1.0 60.0 0.0
62.0 0.0 0.0 1.0 60.0 0.0
62.0 0.0 0.0 1.0 60.0 0.0
62.0 0.0 0.0 1.0 60.0 0.0
62.0 0.0 0.0 1.0 60.0 0.0
60.0 0.0 0.0 1.0 60.0 0.0
60.0 0.0 0.0 1.0 60.0 0.0
60.0 0.0 0.0 1.0 60.0 0.0
60.0 0.0 0.0 1.0 60.0 0.0
60.0 0.0 0.0 1.0 60.0 0.0
60.0 0.0 0.0 1.0 60.0 0.0
60.0 0.0 0.0 1.0 60.0 0.0
60.0 0.0 0.0 1.0 60.0 0.0
60.0 0.0 0.0 1.0 60.0 0.0
60.0 0.0 0.0 1.0 60.0 0.0
60.0 0.0 0.0 1.0 60.0 0.0
60.0 0.0 0.0 1.0 60.0 0.0
60.0 0.0 0.0 1.0 60.0 0.0
60.0 0.0 0.0 1.0 60.0 0.0
60.0 0.0 0.0 1.0 60.0 0.0
60.0 0.0 0.0 1.0 60.0 0.0
60.0 0.0 0.0 1.0 60.0 0.0
60.0 0.0 0.0 1.0 61.0 0.0
60.0 0.0 0.0 1.0 61.0 0.0
60.0 0.0 0.0 1.0 61.0 0.0
60.0 0.0 0.0 1.0 61.0 0.0
60.0 0.0 0.0 1.0 60.0 0.0
60.0 0.0 0.0 1.0 60.0 0.0
60.0 0.0 0.0 1.0 60.0 0.0
60.0 0.0 0.0 1.0 60.0 0.0
60.0 0.0 0.0 1.0 60.0 0.0
60.0 0.0 0.0 1.0 60.0 0.0
61.0 0.0 0.0 1.2 60.0 0.0
61.0 0.0 0.0 1.2 60.0 0.0
61.0 0.0 0.0 1.2 60.0 0.0
61.0 0.0 0.0 1.0 60.0 0.0
60.0 0.0 0.0 1.0 60.0 0.0
60.0 0.0 0.0 1.0 60.0 0.0
60.0 0.0 0.0 1.0 60.0 0.0
60.0 0.0 0.0 1.4 60.0 0.0
60.0 0.0 0.0 1.4 60.0 0.0
60.0 0.0 0.0 1.6 60.0 0.0
60.0 0.0 0.0 1.3 60.0 0.0
60.0 0.0 0.0 1.0 60.0 0.0
60.0 0.0 0.0 1.0 60.0 0.0
60.0 0.0 0.0 1.0 60.0 0.0
60.0 0.0 0.0 1.2 60.0 0.0
60.0 0.0 0.0 1.4 60.0 0.0
60.0 0.0 0.0 1.6 60.0 0.0
60.0 0.0 0.0 1.5 60.0 0.0
60.0 0.0 1.0 1.3 60.0 0.0
60.0 0.0 1.0 1.0 60.0 0.0
60.0 0.0 1.0 1.0 60.0 0.0
60.0 0.0 1.0 1.0 60.0 0.0
60.0 0.0 1.0 1.0 60.0 0.0
60.0 0.0 1.0 1.0 60.0 0.0
60.0 0.0 1.0 1.0 60.0 0.0
60.0 0.0 1.0 1.0 60.0 0.0
60.0 0.0 1.0 1.4 60.0 0.0
60.0 0.0 1.0 1.6 60.0 0.0
60.0 0.0 1.0 1.4 60.0 0.0
60.0 0.0 1.0 1.0 59.0 0.0
60.0 0.0 1.0 1.0 59.0 0.0
60.0 0.0 1.0 1.0 59.0 0.0
60.0 0.0 1.0 1.0 59.0 0.0
60.0 0.0 1.0 1.0 59.0 0.0
60.0 0.0 0.0 1.0 59.0 0.0
60.0 0.0 0.0 1.0 59.0 0.0
