49.0 0.0 1.0 1.0 61.0 0.0
49.0 0.0 1.0 1.0 61.0 0.0
55.0 0.0 1.0 1.0 61.0 0.0
55.0 0.0 1.0 1.0 61.0 0.0
55.0 0.0 1.0 1.0 61.0 0.0
55.0 0.0 1.0 1.0 61.0 0.0
55.0 0.0 1.0 1.0 61.0 0.0
55.0 0.0 1.0 1.0 61.0 0.0
61.0 0.0 1.0 1.0 61.0 0.0
61.0 0.0 1.0 1.0 61.0 0.0
61.0 0.0 1.0 1.0 61.0 0.0
61.0 0.0 1.0 1.0 61.0 0.0
61.0 0.0 1.0 1.0 61.0 0.0
61.0 0.0 1.0 1.0 61.0 0.0
61.0 0.0 1.0 1.0 61.0 0.0
61.0 0.0 1.0 1.0 61.0 0.0
61.0 0.0 1.0 1.0 61.0 0.0
61.0 0.0 1.0 1.0 61.0 0.0
61.0 0.0 1.0 1.0 61.0 0.0
61.0 0.0 1.0 1.0 61.0 0.0
61.0 0.0 1.0 1.0 61.0 0.0
61.0 0.0 1.0 1.0 61.0 0.0
61.0 0.0 1.0 1.0 61.0 0.0
61.0 0.0 1.0 1.0 61.0 0.0
61.0 0.0 1.0 1.0 61.0 0.0
61.0 0.0 1.0 1.0 61.0 0.0
61.0 0.0 1.0 1.0 61.0 0.0
61.0 0.0 1.0 1.0 61.0 0.0
61.0 0.0 1.0 1.0 61.0 0.0
61.0 0.0 1.0 1.0 61.0 0.0
61.0 0.0 1.0 1.0 61.0 0.0
61.0 0.0 1.0 1.0 61.0 0.0
61.0 0.0 1.0 1.0 61.0 0.0
61.0 0.0 1.0 1.0 64.0 0.0
61.0 0.0 1.0 1.0 64.0 0.0
61.0 0.0 1.0 1.0 64.0 0.0
61.0 0.0 1.0 1.0 64.0 0.0
61.0 0.0 1.0 1.0 64.0 0.0
61.0 0.0 1.0 1.0 64.0 0.0
61.0 0.0 1.0 1.0 64.0 0.0
61.0 0.0 1.0 1.0 64.0 0.0
61.0 0.0 1.0 1.0 64.0 0.0
61.0 0.0 1.0 1.0 64.0 0.0
64.0 0.0 1.0 1.0 64.0 0.0
64.0 0.0 1.0 1.0 64.0 0.0
64.0 0.0 1.0 1.0 64.0 0.0
64.0 0.0 1.0 1.0 64.0 0.0
64.0 0.0 1.0 1.0 64.0 0.0
64.0 0.0 1.0 1.0 64.0 0.0
64.0 0.0 1.0 1.0 64.0 0.0
64.0 0.0 1.0 1.0 64.0 0.0
64.0 0.0 1.0 1.0 64.0 0.0
64.0 0.0 1.0 1.0 64.0 0.0
64.0 0.0 1.0 1.0 64.0 0.0
64.0 0.0 1.0 1.0 64.0 0.0
64.0 0.0 1.0 1.0 64.0 0.0
64.0 0.0 1.0 1.0 64.0 0.0
64.0 0.0 1.0 1.0 64.0 0.0
64.0 0.0 1.0 1.0 64.0 0.0
64.0 0.0 1.0 1.0 64.0 0.0
64.0 0.0 1.0 1.0 64.0 0.0
64.0 0.0 1.0 1.0 64.0 0.0
64.0 0.0 1.0 1.0 64.0 0.0
64.0 0.0 1.0 1.0 64.0 0.0
64.0 0.0 1.0 1.0 64.0 0.0
64.0 0.0 1.0 1.0 64.0 0.0
64.0 0.0 1.0 1.0 64.0 0.0
64.0 0.0 1.0 1.0 64.0 0.0
64.0 0.0 1.0 1.0 64.0 0.0
64.0 0.0 1.0 1.0 64.0 0.0
64.0 0.0 1.0 1.0 64.0 0.0
64.0 0.0 1.0 1.0 64.0 0.0
64.0 0.0 1.0 1.0 64.0 0.0
64.0 0.0 1.0 1.0 64.0 0.0
64.0 0.0 1.0 1.0 64.0 0.0
64.0 0.0 1.0 1.0 64.0 0.0
64.0 0.0 1.0 1.0 64.0 0.0
64.0 0.0 1.0 1.0 64.0 0.0
64.0 0.0 1.0 1.0 67.0 0.0
64.0 0.0 1.0 1.0 67.0 0.0
64.0 0.0 1.0 1.0 67.0 0.0
64.0 0.0 1.0 1.0 67.0 0.0
64.0 0.0 1.0 1.0 67.0 0.0
64.0 0.0 1.0 1.0 67.0 0.0
64.0 0.0 1.0 1.0 67.0 0.0
64.0 0.0 1.0 1.0 67.0 0.0
64.0 0.0 1.0 1.0 67.0 0.0
64.0 0.0 1.0 1.0 67.0 0.0
67.0 0.0 1.0 1.0 67.0 0.0
67.0 0.0 1.0 1.0 67.0 0.0
67.0 0.0 1.0 1.0 67.0 0.0
67.0 0.0 1.0 1.0 67.0 0.0
67.0 0.0 1.0 1.0 67.0 0.0
67.0 0.0 1.0 1.0 67.0 0.0
67.0 0.0 1.0 1.0 67.0 0.0
67.0 0.0 1.0 1.0 67.0 0.0
67.0 0.0 1.0 1.0 67.0 0.0
67.0 0.0 1.0 1.0 67.0 0.0
67.0 0.0 1.0 1.0 67.0 0.0
67.0 0.0 1.0 1.0 67.0 0.0
67.0 0.0 1.0 1.0 67.0 0.0
67.0 0.0 1.0 1.0 67.0 0.0
67.0 0.0 1.0 1.0 67.0 0.0
67.0 0.0 1.0 1.0 67.0 0.0
67.0 0.0 1.0 1.0 67.0 0.0
67.0 0.0 1.0 1.0 67.0 0.0
67.0 0.0 1.0 1.0 67.0 0.0
67.0 0.0 1.0 1.0 67.0 0.0
67.0 0.0 1.0 1.0 67.0 0.0
67.0 0.0 1.0 1.0 67.0 0.0
67.0 0.0 1.0 1.0 67.0 0.0
67.0 0.0 1.0 1.0 67.0 0.0
67.0 0.0 1.0 1.0 67.0 0.0
67.0 0.0 1.0 1.0 67.0 0.0
67.0 0.0 1.0 1.0 67.0 0.0
67.0 0.0 1.0 1.0 67.0 0.0
67.0 0.0 1.0 1.0 67.0 0.0
67.0 0.0 1.0 1.0 67.0 0.0
67.0 0.0 1.0 1.0 67.0 0.0
67.0 0.0 1.0 1.0 67.0 0.0
67.0 0.0 1.0 1.0 67.0 0.0
67.0 0.0 1.0 1.0 67.0 0.0
67.0 0.0 1.0 1.0 67.0 0.0
67.0 0.0 1.0 1.0 67.0 0.0
67.0 0.0 1.0 1.0 67.0 0.0
67.0 0.0 1.0 1.0 67.0 0.0
67.0 0.0 1.0 1.0 67.0 0.0
67.0 0.0 1.0 1.0 67.0 0.0
67.0 0.0 1.0 1.0 67.0 0.0
67.0 0.0 1.0 1.0 67.0 0.0
67.0 0.0 1.0 1.0 67.0 0.0
67.0 0.0 1.0 1.0 67.0 0.0
67.0 0.0 1.0 1.0 67.0 0.0
67.0 0.0 1.0 1.0 66.0 0.0
67.0 0.0 1.0 1.0 66.0 0.0
67.0 0.0 1.0 1.0 66.0 0.0
67.0 0.0 1.0 1.0 66.0 0.0
67.0 0.0 1.0 1.0 66.0 0.0
67.0 0.0 1.0 1.0 66.0 0.0
67.0 0.0 1.0 1.0 66.0 0.0
67.0 0.0 1.0 1.0 66.0 0.0
67.0 0.0 1.0 1.0 66.0 0.0
67.0 0.0 1.0 1.0 66.0 0.0
66.0 0.0 1.0 1.0 66.0 0.0
66.0 0.0 1.0 1.0 66.0 0.0
66.0 0.0 1.0 1.0 66.0 0.0
66.0 0.0 1.0 1.0 66.0 0.0
66.0 0.0 1.0 1.0 66.0 0.0
66.0 0.0 1.0 1.0 66.0 0.0
66.0 0.0 1.0 1.0 66.0 0.0
66.0 0.0 1.0 1.0 66.0 0.0
66.0 0.0 1.0 1.0 66.0 0.0
66.0 0.0 1.0 1.0 66.0 0.0
66.0 0.0 1.0 1.0 66.0 0.0
66.0 0.0 1.0 1.0 66.0 0.0
66.0 0.0 1.0 1.0 66.0 0.0
66.0 0.0 1.0 1.0 66.0 0.0
66.0 0.0 1.0 1.0 66.0 0.0
66.0 0.0 1.0 1.0 66.0 0.0
66.0 0.0 1.0 1.0 66.0 0.0
66.0 0.0 1.0 1.0 66.0 0.0
66.0 0.0 1.0 1.0 66.0 0.0
66.0 0.0 1.0 1.0 66.0 0.0
66.0 0.0 1.0 1.0 66.0 0.0
66.0 0.0 1.0 1.0 66.0 0.0
66.0 0.0 1.0 1.0 66.0 0.0
66.0 0.0 1.0 1.0 66.0 0.0
66.0 0.0 1.0 1.0 66.0 0.0
66.0 0.0 1.0 1.0 66.0 0.0
66.0 0.0 1.0 1.0 66.0 0.0
66.0 0.0 1.0 1.0 66.0 0.0
66.0 0.0 1.0 1.0 66.0 0.0
66.0 0.0 1.0 1.0 66.0 0.0
66.0 0.0 1.0 1.0 66.0 0.0
66.0 0.0 1.0 1.0 66.0 0.0
66.0 0.0 1.0 1.0 66.0 0.0
66.0 0.0 0.5 1.0 66.0 0.0
66.0 0.0 1.0 1.0 66.0 0.0
66.0 0.0 0.5 1.0 66.0 0.0
66.0 0.0 1.0 1.0 66.0 0.0
66.0 0.0 1.0 1.0 66.0 0.0
66.0 0.0 1.0 1.0 66.0 0.0
66.0 0.0 0.5 1.0 66.0 0.0
66.0 0.0 0.5 1.0 66.0 0.0
66.0 0.0 0.5 1.0 66.0 0.0
66.0 0.0 0.5 1.0 66.0 0.0
66.0 0.0 0.5 1.0 66.0 0.0
66.0 0.0 1.0 1.0 66.0 0.0
66.0 0.0 1.0 1.0 66.0 0.0
66.0 0.0 1.0 1.0 66.0 0.0
66.0 0.0 1.0 1.0 66.0 0.0
66.0 0.0 1.0 1.0 66.0 0.0
66.0 0.0 1.0 1.0 66.0 0.0
66.0 0.0 1.0 1.0 66.0 0.0
66.0 0.0 1.0 1.0 66.0 0.0
66.0 0.0 1.0 1.0 66.0 0.0
66.0 0.0 1.0 1.0 66.0 0.0
66.0 0.0 1.0 1.0 66.0 0.0
66.0 0.0 1.0 1.0 66.0 0.0
66.0 0.0 1.0 1.0 66.0 0.0
66.0 0.0 1.0 1.0 66.0 0.0
66.0 0.0 1.0 1.0 66.0 0.0
66.0 0.0 1.0 1.0 66.0 0.0
66.0 0.0 1.0 1.0 66.0 0.0
66.0 0.0 1.0 1.0 66.0 0.0
66.0 0.0 1.0 1.0 66.0 0.0
66.0 0.0 1.0 1.0 66.0 0.0
66.0 0.0 1.0 1.0 66.0 0.0
66.0 0.0 1.0 1.0 66.0 0.0
66.0 0.0 1.0 1.0 66.0 0.0
66.0 0.0 1.0 1.0 66.0 0.0
66.0 0.0 1.0 1.0 66.0 0.0
66.0 0.0 1.0 1.0 66.0 0.0
66.0 0.0 1.0 1.0 66.0 0.0
66.0 0.0 1.0 1.0 66.0 0.0
66.0 0.0 1.0 1.0 66.0 0.0
66.0 0.0 1.0 1.0 66.0 0.0
66.0 0.0 1.0 1.0 66.0 0.0
66.0 0.0 1.0 1.0 66.0 0.0
66.0 0.0 1.0 1.0 66.0 0.0
66.0 0.0 1.0 1.0 66.0 0.0
66.0 0.0 1.0 1.0 66.0 0.0
66.0 0.0 1.0 1.0 66.0 0.0
66.0 0.0 1.0 1.0 66.0 0.0
66.0 0.0 1.0 1.0 66.0 0.0
66.0 0.0 1.0 1.0 66.0 0.0
66.0 0.0 1.0 1.0 66.0 0.0
66.0 0.0 1.0 1.0 66.0 0.0
66.0 0.0 1.0 1.0 66.0 0.0
66.0 0.0 1.0 1.0 66.0 0.0
66.0 0.0 1.0 1.0 66.0 0.0
66.0 0.0 1.0 1.0 49.0 0.0
66.0 0.0 1.0 1.0 49.0 0.0
66.0 0.0 1.0 1.0 49.0 0.0
66.0 0.0 1.0 1.0 50.0 0.0
66.0 0.0 1.0 1.0 50.0 0.0
66.0 0.0 1.0 1.0 50.0 0.0
66.0 0.0 1.0 1.0 50.0 0.0
66.0 0.0 1.0 1.0 50.0 0.0
66.0 0.0 1.0 1.0 50.0 0.0
66.0 0.0 1.0 1.0 50.0 0.0
49.0 0.0 0.0 1.0 50.0 0.0
49.0 0.0 0.0 1.0 50.0 0.0
49.0 0.0 0.0 1.0 50.0 0.0
50.0 0.0 1.0 1.0 50.0 0.0
50.0 0.0 1.0 1.0 50.0 0.0
50.0 0.0 1.0 1.0 50.0 0.0
50.0 0.0 1.0 1.0 50.0 0.0
50.0 0.0 1.0 1.0 50.0 0.0
50.0 0.0 1.0 1.0 50.0 0.0
50.0 0.0 1.0 1.0 50.0 0.0
50.0 0.0 1.0 1.0 50.0 0.0
50.0 0.0 1.0 1.0 50.0 0.0
50.0 0.0 1.0 1.0 50.0 0.0
50.0 0.0 1.0 1.0 50.0 0.0
50.0 0.0 1.0 1.0 50.0 0.0
50.0 0.0 1.0 1.0 50.0 0.0
50.0 0.0 1.0 1.0 50.0 0.0
50.0 0.0 1.0 1.0 50.0 0.0
50.0 0.0 1.0 1.0 50.0 0.0
50.0 0.0 1.0 1.0 50.0 0.0
50.0 0.0 1.0 1.0 50.0 0.0
50.0 0.0 1.0 1.0 50.0 0.0
50.0 0.0 1.0 1.0 50.0 0.0
50.0 0.0 1.0 1.0 50.0 0.0
50.0 0.0 1.0 1.0 50.0 0.0
50.0 0.0 1.0 1.0 50.0 0.0
50.0 0.0 1.0 1.0 50.0 0.0
50.0 0.0 1.0 1.0 50.0 0.0
50.0 0.0 1.0 1.0 50.0 0.0
50.0 0.0 1.0 1.0 50.0 0.0
50.0 0.0 1.0 1.0 50.0 0.0
50.0 0.0 1.0 1.0 50.0 0.0
50.0 0.0 1.0 1.0 50.0 0.0
50.0 0.0 1.0 1.0 50.0 0.0
50.0 0.0 1.0 1.0 50.0 0.0
50.0 0.0 1.0 1.0 50.0 0.0
50.0 0.0 1.0 1.0 50.0 0.0
50.0 0.0 1.0 1.0 50.0 0.0
50.0 0.0 1.0 1.0 50.0 0.0
50.0 0.0 1.0 1.0 52.0 0.0
50.0 0.0 1.0 1.0 52.0 0.0
50.0 0.0 1.0 1.0 52.0 0.0
50.0 0.0 1.0 1.0 52.0 0.0
50.0 0.0 1.0 1.0 52.0 0.0
50.0 0.0 1.0 1.0 52.0 0.0
50.0 0.0 1.0 1.0 52.0 0.0
50.0 0.0 1.0 1.0 52.0 0.0
50.0 0.0 1.0 1.0 52.0 0.0
50.0 0.0 1.0 1.0 52.0 0.0
52.0 0.0 1.0 1.0 52.0 0.0
52.0 0.0 1.0 1.0 52.0 0.0
52.0 0.0 1.0 1.0 52.0 0.0
52.0 0.0 1.0 1.0 52.0 0.0
52.0 0.0 1.0 1.0 52.0 0.0
52.0 0.0 1.0 1.0 52.0 0.0
52.0 0.0 1.0 1.0 52.0 0.0
52.0 0.0 1.0 1.0 52.0 0.0
52.0 0.0 1.0 1.0 52.0 0.0
52.0 0.0 1.0 1.0 52.0 0.0
52.0 0.0 1.0 1.0 52.0 0.0
52.0 0.0 1.0 1.0 52.0 0.0
52.0 0.0 1.0 1.0 52.0 0.0
52.0 0.0 1.0 1.0 52.0 0.0
52.0 0.0 1.0 1.0 52.0 0.0
52.0 0.0 1.0 1.0 52.0 0.0
52.0 0.0 1.0 1.0 55.0 0.0
52.0 0.0 1.0 1.0 55.0 0.0
52.0 0.0 1.0 1.0 55.0 0.0
52.0 0.0 1.0 1.0 55.0 0.0
52.0 0.0 1.0 1.0 55.0 0.0
52.0 0.0 1.0 1.0 55.0 0.0
52.0 0.0 1.0 1.0 55.0 0.0
52.0 0.0 1.0 1.0 55.0 0.0
52.0 0.0 1.0 1.0 55.0 0.0
52.0 0.0 1.0 1.0 73.0 0.0
55.0 0.0 1.0 1.0 73.0 0.0
55.0 0.0 1.0 1.0 73.0 0.0
55.0 0.0 1.0 1.0 73.0 0.0
55.0 0.0 1.0 1.0 73.0 0.0
55.0 0.0 1.0 1.0 73.0 0.0
55.0 0.0 1.0 1.0 73.0 0.0
55.0 0.0 0.5 1.0 73.0 0.0
55.0 0.0 0.5 1.0 73.0 0.0
55.0 0.0 1.0 1.0 73.0 0.0
73.0 0.0 1.0 1.0 73.0 0.0
73.0 0.0 1.0 1.0 73.0 0.0
73.0 0.0 1.0 1.0 73.0 0.0
73.0 0.0 1.0 1.0 73.0 0.0
73.0 0.0 1.0 1.0 73.0 0.0
73.0 0.0 1.0 1.0 73.0 0.0
73.0 0.0 1.0 1.0 74.0 0.0
73.0 0.0 1.0 1.0 74.0 0.0
73.0 0.0 1.0 1.0 74.0 0.0
73.0 0.0 1.0 1.0 74.0 0.0
73.0 0.0 1.0 1.0 74.0 0.0
73.0 0.0 1.0 1.0 74.0 0.0
73.0 0.0 1.0 1.0 74.0 0.0
73.0 0.0 1.0 1.0 74.0 0.0
73.0 0.0 1.0 1.0 74.0 0.0
73.0 0.0 1.0 1.0 74.0 0.0
74.0 0.0 1.0 1.0 74.0 0.0
74.0 0.0 1.0 1.0 74.0 0.0
74.0 0.0 1.0 1.0 74.0 0.0
74.0 0.0 1.0 1.0 74.0 0.0
74.0 0.0 1.0 1.0 74.0 0.0
74.0 0.0 1.0 1.0 74.0 0.0
74.0 0.0 1.0 1.0 74.0 0.0
74.0 0.0 1.0 1.0 74.0 0.0
74.0 0.0 1.0 1.0 74.0 0.0
74.0 0.0 1.0 1.0 74.0 0.0
74.0 0.0 1.0 1.0 74.0 0.0
74.0 0.0 1.0 1.0 74.0 0.0
74.0 0.0 1.0 1.0 74.0 0.0
74.0 0.0 1.0 1.0 74.0 0.0
74.0 0.0 1.0 1.0 74.0 0.0
74.0 0.0 1.0 1.0 74.0 0.0
74.0 0.0 1.0 1.0 74.0 0.0
74.0 0.0 1.0 1.0 74.0 0.0
74.0 0.0 1.0 1.0 73.0 0.0
74.0 0.0 1.0 1.0 73.0 0.0
74.0 0.0 1.0 1.0 73.0 0.0
74.0 0.0 1.0 1.0 73.0 0.0
74.0 0.0 1.0 1.0 73.0 0.0
74.0 0.0 1.0 1.0 73.0 0.0
74.0 0.0 1.0 1.0 73.0 0.0
74.0 0.0 1.0 1.0 73.0 0.0
74.0 0.0 1.0 1.0 73.0 0.0
74.0 0.0 1.0 1.0 73.0 0.0
73.0 0.0 1.0 1.0 73.0 0.0
73.0 0.0 1.0 1.0 73.0 0.0
73.0 0.0 1.0 1.0 73.0 0.0
73.0 0.0 1.0 1.0 73.0 0.0
73.0 0.0 1.0 1.0 73.0 0.0
73.0 0.0 1.0 1.0 73.0 0.0
73.0 0.0 1.0 1.0 73.0 0.0
73.0 0.0 1.0 1.0 73.0 0.0
73.0 0.0 1.0 1.0 73.0 0.0
73.0 0.0 1.0 1.0 73.0 0.0
73.0 0.0 1.0 1.0 73.0 0.0
73.0 0.0 1.0 1.0 73.0 0.0
73.0 0.0 1.0 1.0 73.0 0.0
73.0 0.0 1.0 1.0 73.0 0.0
73.0 0.0 1.0 1.0 73.0 0.0
73.0 0.0 1.0 1.0 73.0 0.0
73.0 0.0 1.0 1.0 73.0 0.0
73.0 0.0 1.0 1.0 73.0 0.0
73.0 0.0 1.0 1.0 73.0 0.0
73.0 0.0 1.0 1.0 73.0 0.0
73.0 0.0 1.0 1.0 73.0 0.0
73.0 0.0 1.0 1.0 73.0 0.0
73.0 0.0 1.0 1.0 73.0 0.0
73.0 0.0 1.0 1.0 73.0 0.0
73.0 0.0 1.0 1.0 73.0 0.0
73.0 0.0 1.0 1.0 73.0 0.0
73.0 0.0 1.0 1.0 73.0 0.0
73.0 0.0 1.0 1.0 73.0 0.0
73.0 0.0 1.0 1.0 73.0 0.0
73.0 0.0 1.0 1.0 73.0 0.0
73.0 0.0 1.0 1.0 73.0 0.0
73.0 0.0 1.0 1.0 73.0 0.0
73.0 0.0 1.0 1.0 73.0 0.0
73.0 0.0 1.0 1.0 73.0 0.0
73.0 0.0 1.0 1.0 73.0 0.0
73.0 0.0 1.0 1.0 73.0 0.0
73.0 0.0 1.0 1.0 73.0 0.0
73.0 0.0 1.0 1.0 73.0 0.0
73.0 0.0 1.0 1.0 73.0 0.0
73.0 0.0 1.0 1.0 73.0 0.0
73.0 0.0 1.0 1.0 73.0 0.0
73.0 0.0 1.0 1.0 73.0 0.0
73.0 0.0 1.0 1.0 73.0 0.0
73.0 0.0 1.0 1.0 73.0 0.0
73.0 0.0 1.0 1.0 73.0 0.0
73.0 0.0 1.0 1.0 73.0 0.0
73.0 0.0 1.0 1.0 73.0 0.0
73.0 0.0 1.0 1.0 73.0 0.0
73.0 0.0 1.0 1.0 73.0 0.0
73.0 0.0 1.0 1.0 73.0 0.0
73.0 0.0 1.0 1.0 73.0 0.0
73.0 0.0 1.0 1.0 73.0 0.0
73.0 0.0 1.0 1.0 73.0 0.0
73.0 0.0 1.0 1.0 73.0 0.0
73.0 0.0 1.0 1.0 73.0 0.0
73.0 0.0 1.0 1.0 72.0 0.0
73.0 0.0 1.0 1.0 72.0 0.0
73.0 0.0 1.0 1.0 72.0 0.0
73.0 0.0 1.0 1.0 72.0 0.0
73.0 0.0 1.0 1.0 72.0 0.0
73.0 0.0 1.0 1.0 72.0 0.0
73.0 0.0 1.0 1.0 72.0 0.0
73.0 0.0 1.0 1.0 72.0 0.0
73.0 0.0 1.0 1.0 72.0 0.0
73.0 0.0 1.0 1.0 72.0 0.0
72.0 0.0 1.0 1.0 72.0 0.0
72.0 0.0 1.0 1.0 72.0 0.0
72.0 0.0 1.0 1.0 72.0 0.0
72.0 0.0 1.0 1.0 72.0 0.0
72.0 0.0 1.0 1.0 72.0 0.0
72.0 0.0 1.0 1.0 72.0 0.0
72.0 0.0 1.0 1.0 72.0 0.0
72.0 0.0 1.0 1.0 72.0 0.0
72.0 0.0 1.0 1.0 72.0 0.0
72.0 0.0 1.0 1.0 72.0 0.0
72.0 0.0 1.0 1.0 72.0 0.0
72.0 0.0 1.0 1.0 72.0 0.0
72.0 0.0 1.0 1.0 72.0 0.0
72.0 0.0 1.0 1.0 72.0 0.0
72.0 0.0 1.0 1.0 72.0 0.0
72.0 0.0 1.0 1.0 72.0 0.0
72.0 0.0 1.0 1.0 72.0 0.0
72.0 0.0 1.0 1.0 72.0 0.0
72.0 0.0 1.0 1.0 72.0 0.0
72.0 0.0 1.0 1.0 71.0 0.0
72.0 0.0 1.0 1.0 71.0 0.0
72.0 0.0 1.0 1.0 71.0 0.0
72.0 0.0 1.0 1.0 71.0 0.0
72.0 0.0 1.0 1.0 71.0 0.0
72.0 0.0 1.0 1.0 71.0 0.0
72.0 0.0 1.0 1.0 71.0 0.0
72.0 0.0 1.0 1.0 71.0 0.0
72.0 0.0 1.0 1.0 71.0 0.0
72.0 0.0 1.0 1.0 71.0 0.0
71.0 0.0 1.0 1.0 71.0 0.0
71.0 0.0 1.0 1.0 71.0 0.0
71.0 0.0 1.0 1.0 71.0 0.0
71.0 0.0 1.0 1.0 71.0 0.0
71.0 0.0 1.0 1.0 71.0 0.0
71.0 0.0 1.0 1.0 71.0 0.0
71.0 0.0 1.0 1.0 71.0 0.0
71.0 0.0 1.0 1.0 71.0 0.0
71.0 0.0 1.0 1.0 71.0 0.0
71.0 0.0 1.0 1.0 71.0 0.0
71.0 0.0 1.0 1.0 71.0 0.0
71.0 0.0 1.0 1.0 71.0 0.0
71.0 0.0 1.0 1.0 71.0 0.0
71.0 0.0 1.0 1.0 71.0 0.0
71.0 0.0 1.0 1.0 71.0 0.0
71.0 0.0 1.0 1.0 71.0 0.0
71.0 0.0 1.0 1.0 71.0 0.0
71.0 0.0 1.0 1.0 71.0 0.0
71.0 0.0 1.0 1.0 71.0 0.0
71.0 0.0 1.0 1.0 71.0 0.0
71.0 0.0 1.0 1.0 71.0 0.0
71.0 0.0 1.0 1.0 71.0 0.0
71.0 0.0 1.0 1.0 71.0 0.0
71.0 0.0 1.0 1.0 71.0 0.0
71.0 0.0 1.0 1.0 71.0 0.0
71.0 0.0 1.0 1.0 71.0 0.0
71.0 0.0 1.0 1.0 69.0 0.0
71.0 0.0 1.0 1.0 69.0 0.0
71.0 0.0 1.0 1.0 69.0 0.0
71.0 0.0 1.0 1.0 69.0 0.0
71.0 0.0 1.0 1.0 69.0 0.0
71.0 0.0 1.0 1.0 69.0 0.0
71.0 0.0 1.0 1.0 69.0 0.0
71.0 0.0 1.0 1.0 69.0 0.0
71.0 0.0 1.0 1.0 66.0 0.0
71.0 0.0 1.0 1.0 66.0 0.0
69.0 0.0 1.0 1.0 66.0 0.0
69.0 0.0 1.0 1.0 66.0 0.0
69.0 0.0 1.0 1.0 66.0 0.0
69.0 0.0 0.0 1.0 66.0 0.0
69.0 0.0 0.0 1.0 66.0 0.0
69.0 0.0 0.0 1.0 66.0 0.0
69.0 0.0 0.0 1.0 66.0 0.0
69.0 0.0 0.0 1.0 66.0 0.0
66.0 0.0 0.0 1.0 66.0 0.0
66.0 0.0 0.0 1.0 66.0 0.0
66.0 0.0 0.0 1.0 66.0 0.0
66.0 0.0 0.0 1.0 66.0 0.0
66.0 0.0 0.0 1.0 66.0 0.0
66.0 0.0 0.0 1.0 66.0 0.0
66.0 0.0 0.0 1.0 66.0 0.0
66.0 0.0 0.0 1.0 66.0 0.0
66.0 0.0 0.0 1.0 66.0 0.0
66.0 0.0 0.0 1.0 66.0 0.0
66.0 0.0 0.0 1.0 66.0 0.0
66.0 0.0 0.0 1.0 66.0 0.0
66.0 0.0 0.0 1.0 66.0 0.0
66.0 0.0 0.0 1.0 66.0 0.0
66.0 0.0 0.0 1.0 66.0 0.0
66.0 0.0 0.0 1.0 66.0 0.0
66.0 0.0 0.0 1.0 66.0 0.0
66.0 0.0 0.0 1.0 66.0 0.0
66.0 0.0 0.0 1.0 66.0 0.0
66.0 0.0 0.0 1.0 66.0 0.0
66.0 0.0 0.0 1.0 66.0 0.0
66.0 0.0 0.0 1.0 66.0 0.0
66.0 0.0 0.0 1.0 66.0 0.0
66.0 0.0 0.0 1.0 66.0 0.0
66.0 0.0 0.0 1.0 66.0 0.0
66.0 0.0 0.0 1.0 66.0 0.0
66.0 0.0 0.0 1.0 66.0 0.0
66.0 0.0 0.0 1.0 66.0 0.0
66.0 0.0 0.0 1.0 66.0 0.0
66.0 0.0 0.0 1.0 66.0 0.0
66.0 0.0 0.0 1.0 66.0 0.0
66.0 0.0 0.0 1.0 66.0 0.0
66.0 0.0 0.0 1.0 66.0 0.0
66.0 0.0 0.0 1.0 66.0 0.0
66.0 0.0 0.0 1.0 65.0 0.0
66.0 0.0 0.0 1.0 66.0 0.0
66.0 0.0 0.0 1.0 65.0 0.0
66.0 0.0 0.0 1.0 65.0 0.0
66.0 0.0 0.0 1.0 65.0 0.0
66.0 0.0 0.0 1.0 65.0 0.0
66.0 0.0 0.0 1.0 65.0 0.0
66.0 0.0 0.0 1.0 65.0 0.0
66.0 0.0 0.0 1.0 65.0 0.0
66.0 0.0 0.0 1.0 65.0 0.0
65.0 0.0 0.0 1.0 65.0 0.0
66.0 0.0 0.0 1.0 65.0 0.0
65.0 0.0 0.0 1.0 65.0 0.0
65.0 0.0 0.0 1.0 65.0 0.0
65.0 0.0 0.0 1.0 65.0 0.0
65.0 0.0 0.0 1.0 65.0 0.0
65.0 0.0 0.0 1.0 65.0 0.0
65.0 0.0 0.0 1.0 65.0 0.0
65.0 0.0 0.0 1.0 65.0 0.0
65.0 0.0 0.0 1.0 65.0 0.0
65.0 0.0 0.0 1.0 65.0 0.0
65.0 0.0 0.0 1.0 65.0 0.0
65.0 0.0 0.0 1.0 65.0 0.0
65.0 0.0 0.0 1.0 65.0 0.0
65.0 0.0 0.0 1.0 65.0 0.0
65.0 0.0 0.0 1.0 65.0 0.0
65.0 0.0 0.0 1.0 65.0 0.0
65.0 0.0 0.0 1.0 65.0 0.0
65.0 0.0 0.0 1.0 65.0 0.0
65.0 0.0 0.0 1.0 65.0 0.0
65.0 0.0 0.0 1.0 65.0 0.0
65.0 0.0 0.0 1.0 65.0 0.0
65.0 0.0 0.0 1.0 65.0 0.0
65.0 0.0 0.0 1.0 65.0 0.0
65.0 0.0 0.0 1.0 65.0 0.0
65.0 0.0 0.0 1.0 65.0 0.0
65.0 0.0 0.0 1.0 65.0 0.0
65.0 0.0 0.0 1.0 65.0 0.0
65.0 0.0 0.0 1.0 65.0 0.0
65.0 0.0 0.0 1.0 65.0 0.0
65.0 0.0 0.0 1.0 65.0 0.0
65.0 0.0 0.0 1.0 65.0 0.0
65.0 0.0 0.0 1.0 65.0 0.0
65.0 0.0 0.0 1.0 65.0 0.0
65.0 0.0 0.0 1.0 65.0 0.0
65.0 0.0 0.0 1.0 65.0 0.0
65.0 0.0 0.0 1.0 65.0 0.0
65.0 0.0 0.0 1.0 65.0 0.0
65.0 0.0 0.0 1.0 63.0 0.0
65.0 0.0 0.0 1.0 63.0 0.0
65.0 0.0 0.0 1.0 63.0 0.0
65.0 0.0 0.0 1.0 63.0 0.0
65.0 0.0 0.0 1.0 63.0 0.0
65.0 0.0 0.0 1.0 63.0 0.0
65.0 0.0 0.0 1.0 63.0 0.0
65.0 0.0 0.0 1.0 63.0 0.0
65.0 0.0 0.0 1.0 63.0 0.0
65.0 0.0 1.0 1.0 63.0 0.0
63.0 0.0 0.0 1.0 63.0 0.0
63.0 0.0 0.0 1.0 63.0 0.0
63.0 0.0 0.0 1.0 63.0 0.0
63.0 0.0 0.0 1.0 63.0 0.0
63.0 0.0 0.0 1.0 63.0 0.0
63.0 0.0 0.0 1.0 63.0 0.0
63.0 0.0 0.0 1.0 63.0 0.0
63.0 0.0 0.0 1.0 63.0 0.0
63.0 0.0 0.0 1.0 63.0 0.0
63.0 0.0 0.0 1.0 63.0 0.0
63.0 0.0 0.0 1.0 63.0 0.0
63.0 0.0 0.0 1.0 63.0 0.0
63.0 0.0 0.0 1.0 63.0 0.0
63.0 0.0 0.0 1.0 63.0 0.0
63.0 0.0 0.0 1.0 63.0 0.0
63.0 0.0 0.0 1.0 63.0 0.0
63.0 0.0 0.0 1.0 63.0 0.0
63.0 0.0 0.0 1.0 63.0 0.0
63.0 0.0 0.0 1.0 63.0 0.0
63.0 0.0 0.0 1.0 63.0 0.0
63.0 0.0 0.0 1.0 63.0 0.0
63.0 0.0 0.0 1.0 63.0 0.0
63.0 0.0 0.0 1.0 63.0 0.0
63.0 0.0 0.0 1.0 63.0 0.0
63.0 0.0 0.0 1.0 62.0 0.0
63.0 0.0 0.0 1.0 62.0 0.0
63.0 0.0 0.0 1.0 62.0 0.0
63.0 0.0 0.0 1.0 62.0 0.0
63.0 0.0 0.0 1.0 62.0 0.0
63.0 0.0 0.0 1.0 62.0 0.0
63.0 0.0 0.0 1.0 62.0 0.0
63.0 0.0 0.0 1.0 62.0 0.0
63.0 0.0 0.0 1.0 62.0 0.0
63.0 0.0 0.0 1.0 62.0 0.0
62.0 0.0 0.0 1.0 62.0 0.0
62.0 0.0 0.0 1.0 62.0 0.0
62.0 0.0 0.0 1.0 62.0 0.0
62.0 0.0 0.0 1.0 62.0 0.0
62.0 0.0 0.0 1.0 62.0 0.0
62.0 0.0 0.0 1.0 62.0 0.0
62.0 0.0 0.0 1.0 62.0 0.0
62.0 0.0 0.0 1.0 62.0 0.0
62.0 0.0 0.0 1.0 62.0 0.0
62.0 0.0 0.0 1.0 62.0 0.0
62.0 0.0 0.0 1.0 62.0 0.0
62.0 0.0 0.0 1.0 62.0 0.0
62.0 0.0 0.0 1.0 62.0 0.0
62.0 0.0 0.0 1.0 62.0 0.0
62.0 0.0 0.0 1.0 60.0 0.0
62.0 0.0 0.0 1.0 60.0 0.0
62.0 0.0 0.0 1.0 60.0 0.0
62.0 0.0 0.0 1.0 60.0 0.0
62.0 0.0 0.0 1.0 60.0 0.0
62.0 0.0 0.0 1.0 60.0 0.0
62.0 0.0 0.0 1.0 60.0 0.0
62.0 0.0 0.0 1.0 60.0 0.0
62.0 0.0 0.0 1.0 60.0 0.0
62.0 0.0 0.0 1.0 60.0 0.0
60.0 0.0 1.0 1.0 60.0 0.0
60.0 0.0 1.0 1.0 60.0 0.0
60.0 0.0 1.0 1.0 60.0 0.0
60.0 0.0 1.0 1.0 60.0 0.0
60.0 0.0 1.0 1.0 60.0 0.0
60.0 0.0 1.0 1.0 60.0 0.0
60.0 0.0 1.0 1.0 60.0 0.0
60.0 0.0 1.0 1.0 60.0 0.0
60.0 0.0 1.0 1.0 60.0 0.0
60.0 0.0 1.0 1.0 60.0 0.0
60.0 0.0 1.0 1.0 60.0 0.0
60.0 0.0 1.0 1.0 60.0 0.0
60.0 0.0 1.0 1.0 60.0 0.0
60.0 0.0 1.0 1.0 60.0 0.0
60.0 0.0 1.0 1.0 60.0 0.0
60.0 0.0 1.0 1.0 60.0 0.0
60.0 0.0 1.0 1.0 60.0 0.0
60.0 0.0 1.0 1.0 61.0 0.0
60.0 0.0 1.0 1.0 61.0 0.0
60.0 0.0 1.0 1.0 61.0 0.0
60.0 0.0 1.0 1.0 61.0 0.0
60.0 0.0 1.0 1.0 60.0 0.0
60.0 0.0 1.0 1.0 60.0 0.0
60.0 0.0 1.0 1.0 60.0 0.0
60.0 0.0 1.0 1.0 60.0 0.0
60.0 0.0 1.0 1.0 60.0 0.0
60.0 0.0 1.0 1.0 60.0 0.0
61.0 0.0 1.0 1.0 60.0 0.0
61.0 0.0 1.0 1.0 60.0 0.0
61.0 0.0 1.0 1.0 60.0 0.0
61.0 0.0 1.0 1.0 60.0 0.0
60.0 0.0 1.0 1.0 60.0 0.0
60.0 0.0 1.0 1.0 60.0 0.0
60.0 0.0 1.0 1.0 60.0 0.0
60.0 0.0 1.0 1.0 60.0 0.0
60.0 0.0 1.0 1.0 60.0 0.0
60.0 0.0 1.0 1.0 60.0 0.0
60.0 0.0 1.0 1.0 60.0 0.0
60.0 0.0 1.0 1.0 60.0 0.0
60.0 0.0 1.0 1.0 60.0 0.0
60.0 0.0 1.0 1.0 60.0 0.0
60.0 0.0 1.0 1.0 60.0 0.0
60.0 0.0 1.0 1.0 60.0 0.0
60.0 0.0 1.0 1.0 60.0 0.0
60.0 0.0 1.0 1.0 60.0 0.0
60.0 0.0 1.0 1.0 60.0 0.0
60.0 0.0 1.0 1.0 60.0 0.0
60.0 0.0 1.0 1.0 60.0 0.0
60.0 0.0 1.0 1.0 60.0 0.0
60.0 0.0 1.0 1.0 60.0 0.0
60.0 0.0 1.0 1.0 60.0 0.0
60.0 0.0 1.0 1.0 60.0 0.0
60.0 0.0 1.0 1.0 60.0 0.0
60.0 0.0 1.0 1.0 60.0 0.0
60.0 0.0 1.0 1.0 60.0 0.0
60.0 0.0 1.0 1.0 60.0 0.0
60.0 0.0 1.0 1.0 59.0 0.0
60.0 0.0 1.0 1.0 59.0 0.0
60.0 0.0 1.0 1.0 59.0 0.0
60.0 0.0 1.0 1.0 59.0 0.0
60.0 0.0 1.0 1.0 59.0 0.0
60.0 0.0 1.0 1.0 59.0 0.0
