49.0 0.0 1.0 1.0 49.0 0.0
49.0 0.0 1.0 1.0 49.0 0.0
49.0 0.0 0.5 1.0 49.0 0.0
49.0 0.0 0.5 1.0 49.0 0.0
49.0 0.0 0.5 1.0 49.0 0.0
49.0 0.0 0.5 1.0 49.0 0.0
49.0 0.0 0.5 1.0 49.0 0.0
49.0 0.0 0.5 1.0 49.0 0.0
49.0 0.0 0.5 1.0 49.0 0.0
49.0 0.0 0.5 1.0 49.0 0.0
49.0 0.0 0.5 1.0 49.0 0.0
49.0 0.0 0.5 1.0 55.0 0.0
49.0 0.0 0.5 1.0 55.0 0.0
49.0 0.0 0.5 1.0 55.0 0.0
49.0 0.0 0.5 1.0 55.0 0.0
49.0 0.0 0.5 1.0 55.0 0.0
49.0 0.0 0.5 1.0 55.0 0.0
49.0 0.0 0.5 1.0 55.0 0.0
49.0 0.0 0.5 1.0 55.0 0.0
49.0 0.0 0.5 1.0 55.0 0.0
49.0 0.0 0.5 1.0 61.0 0.0
55.0 0.0 1.0 1.0 61.0 0.0
55.0 0.0 1.0 1.0 61.0 0.0
55.0 0.0 1.0 1.0 61.0 0.0
55.0 0.0 1.0 1.0 61.0 0.0
55.0 0.0 1.0 1.0 61.0 0.0
55.0 0.0 1.0 1.0 61.0 0.0
55.0 0.0 1.0 1.0 61.0 0.0
55.0 0.0 1.0 1.0 61.0 0.0
55.0 0.0 1.0 1.0 61.0 0.0
61.0 0.0 1.0 1.0 61.0 0.0
61.0 0.0 1.0 1.0 61.0 0.0
61.0 0.0 1.0 1.0 61.0 0.0
61.0 0.0 1.0 1.0 61.0 0.0
61.0 0.0 1.0 1.0 61.0 0.0
61.0 0.0 1.0 1.0 61.0 0.0
61.0 0.0 1.0 1.0 61.0 0.0
61.0 0.0 1.0 1.0 61.0 0.0
61.0 0.0 1.0 1.0 61.0 0.0
61.0 0.0 1.0 1.0 61.0 0.0
61.0 0.0 1.0 1.0 61.0 0.0
61.0 0.0 1.0 1.0 61.0 0.0
61.0 0.0 1.0 1.0 61.0 0.0
61.0 0.0 1.0 1.0 61.0 0.0
61.0 0.0 1.0 1.0 61.0 0.0
61.0 0.0 1.0 1.0 61.0 0.0
61.0 0.0 1.0 1.0 61.0 0.0
61.0 0.0 1.0 1.0 61.0 0.0
61.0 0.0 1.0 1.0 61.0 0.0
61.0 0.0 1.0 1.0 61.0 0.0
61.0 0.0 1.0 1.0 61.0 0.0
61.0 0.0 1.0 1.0 61.0 0.0
61.0 0.0 1.0 1.0 61.0 0.0
61.0 0.0 1.0 1.0 61.0 0.0
61.0 0.0 1.0 1.0 61.0 0.0
61.0 0.0 1.0 1.0 61.0 0.0
61.0 0.0 1.0 1.0 61.0 0.0
61.0 0.0 1.0 1.0 61.0 0.0
61.0 0.0 1.0 1.0 64.0 0.0
61.0 0.0 1.0 1.0 64.0 0.0
61.0 0.0 1.0 1.0 64.0 0.0
61.0 0.0 1.0 1.0 64.0 0.0
61.0 0.0 1.0 1.0 64.0 0.0
61.0 0.0 1.0 1.0 64.0 0.0
61.0 0.0 1.0 1.0 64.0 0.0
61.0 0.0 1.0 1.0 64.0 0.0
61.0 0.0 1.0 1.4 64.0 0.0
61.0 0.0 1.0 1.8 64.0 0.0
64.0 0.0 1.0 1.7 64.0 0.0
64.0 0.0 1.0 1.3 64.0 0.0
64.0 0.0 1.0 1.0 64.0 0.0
64.0 0.0 1.0 1.0 64.0 0.0
64.0 0.0 1.0 1.0 64.0 0.0
64.0 0.0 1.0 1.0 64.0 0.0
64.0 0.0 1.0 1.0 64.0 0.0
64.0 0.0 1.0 1.0 64.0 0.0
64.0 0.0 1.0 1.0 64.0 0.0
64.0 0.0 1.0 1.0 64.0 0.0
64.0 0.0 1.0 1.0 64.0 0.0
64.0 0.0 1.0 1.0 64.0 0.0
64.0 0.0 1.0 1.0 64.0 0.0
64.0 0.0 1.0 1.0 64.0 0.0
64.0 0.0 1.0 1.0 64.0 0.0
64.0 0.0 1.0 1.0 64.0 0.0
64.0 0.0 1.0 1.0 64.0 0.0
64.0 0.0 1.0 1.0 64.0 0.0
64.0 0.0 1.0 1.0 64.0 0.0
64.0 0.0 1.0 1.0 64.0 0.0
64.0 0.0 1.0 1.0 64.0 0.0
64.0 0.0 1.0 1.0 64.0 0.0
64.0 0.0 1.0 1.0 64.0 0.0
64.0 0.0 1.0 1.0 64.0 0.0
64.0 0.0 1.0 1.0 64.0 0.0
64.0 0.0 1.0 1.2 64.0 0.0
64.0 0.0 1.0 1.0 64.0 0.0
64.0 0.0 1.0 1.0 64.0 0.0
64.0 0.0 1.0 1.0 64.0 0.0
64.0 0.0 1.0 1.0 64.0 0.0
64.0 0.0 1.0 1.0 64.0 0.0
64.0 0.0 1.0 1.0 64.0 0.0
64.0 0.0 1.0 1.0 64.0 0.0
64.0 0.0 1.0 1.0 64.0 0.0
64.0 0.0 1.0 1.0 64.0 0.0
64.0 0.0 1.0 1.0 67.0 0.0
64.0 0.0 1.0 1.0 67.0 0.0
64.0 0.0 1.0 1.0 67.0 0.0
64.0 0.0 1.0 1.0 67.0 0.0
64.0 0.0 1.0 1.0 67.0 0.0
64.0 0.0 1.0 1.0 67.0 0.0
64.0 0.0 1.0 1.0 67.0 0.0
64.0 0.0 1.0 1.0 67.0 0.0
64.0 0.0 1.0 1.0 67.0 0.0
64.0 0.0 1.0 1.0 67.0 0.0
67.0 0.0 1.0 1.0 67.0 0.0
67.0 0.0 1.0 1.0 67.0 0.0
67.0 0.0 1.0 1.0 67.0 0.0
67.0 0.0 1.0 1.0 67.0 0.0
67.0 0.0 1.0 1.0 67.0 0.0
67.0 0.0 1.0 1.0 67.0 0.0
67.0 0.0 1.0 1.3 67.0 0.0
67.0 0.0 1.0 1.3 67.0 0.0
67.0 0.0 1.0 1.2 67.0 0.0
67.0 0.0 1.0 1.2 67.0 0.0
67.0 0.0 1.0 1.0 67.0 0.0
67.0 0.0 1.0 1.0 67.0 0.0
67.0 0.0 1.0 1.0 67.0 0.0
67.0 0.0 1.0 1.0 67.0 0.0
67.0 0.0 1.0 1.0 67.0 0.0
67.0 0.0 1.0 1.0 67.0 0.0
67.0 0.0 1.0 1.0 67.0 0.0
67.0 0.0 1.0 1.0 67.0 0.0
67.0 0.0 1.0 1.0 67.0 0.0
67.0 0.0 1.0 1.0 67.0 0.0
67.0 0.0 1.0 1.0 67.0 0.0
67.0 0.0 1.0 1.0 67.0 0.0
67.0 0.0 1.0 1.0 67.0 0.0
67.0 0.0 1.0 1.0 67.0 0.0
67.0 0.0 1.0 1.0 67.0 0.0
67.0 0.0 1.0 1.2 67.0 0.0
67.0 0.0 1.0 1.2 67.0 0.0
67.0 0.0 1.0 1.2 67.0 0.0
67.0 0.0 1.0 1.4 67.0 0.0
67.0 0.0 1.0 1.4 67.0 0.0
67.0 0.0 1.0 1.2 67.0 0.0
67.0 0.0 1.0 1.2 67.0 0.0
67.0 0.0 1.0 1.0 67.0 0.0
67.0 0.0 1.0 1.0 67.0 0.0
67.0 0.0 1.0 1.0 67.0 0.0
67.0 0.0 1.0 1.0 67.0 0.0
67.0 0.0 1.0 1.0 67.0 0.0
67.0 0.0 1.0 1.0 67.0 0.0
67.0 0.0 1.0 1.0 67.0 0.0
67.0 0.0 1.0 1.0 67.0 0.0
67.0 0.0 1.0 1.0 67.0 0.0
67.0 0.0 1.0 1.0 67.0 0.0
67.0 0.0 1.0 1.0 67.0 0.0
67.0 0.0 1.0 1.0 67.0 0.0
67.0 0.0 1.0 1.0 67.0 0.0
67.0 0.0 1.0 1.0 67.0 0.0
67.0 0.0 1.0 1.0 66.0 0.0
67.0 0.0 1.0 1.0 66.0 0.0
67.0 0.0 1.0 1.0 66.0 0.0
67.0 0.0 1.0 1.0 66.0 0.0
67.0 0.0 1.0 1.0 66.0 0.0
67.0 0.0 1.0 1.0 66.0 0.0
67.0 0.0 1.0 1.0 66.0 0.0
67.0 0.0 1.0 1.0 66.0 0.0
67.0 0.0 1.0 1.0 66.0 0.0
67.0 0.0 1.0 1.0 66.0 0.0
66.0 0.0 1.0 1.0 66.0 0.0
66.0 0.0 1.0 1.0 66.0 0.0
66.0 0.0 1.0 1.0 66.0 0.0
66.0 0.0 1.0 1.0 66.0 0.0
66.0 0.0 1.0 1.0 66.0 0.0
66.0 0.0 1.0 1.0 66.0 0.0
66.0 0.0 1.0 1.0 66.0 0.0
66.0 0.0 1.0 1.0 66.0 0.0
66.0 0.0 1.0 1.0 66.0 0.0
66.0 0.0 1.0 1.0 66.0 0.0
66.0 0.0 1.0 1.0 66.0 0.0
66.0 0.0 1.0 1.0 66.0 0.0
66.0 0.0 1.0 1.0 66.0 0.0
66.0 0.0 1.0 1.0 66.0 0.0
66.0 0.0 1.0 1.0 66.0 0.0
66.0 0.0 1.0 1.0 66.0 0.0
66.0 0.0 1.0 1.0 66.0 0.0
66.0 0.0 1.0 1.0 66.0 0.0
66.0 0.0 1.0 1.0 66.0 0.0
66.0 0.0 1.0 1.0 66.0 0.0
66.0 0.0 1.0 1.0 66.0 0.0
66.0 0.0 1.0 1.0 66.0 0.0
66.0 0.0 1.0 1.0 66.0 0.0
66.0 0.0 1.0 1.0 66.0 0.0
66.0 0.0 1.0 1.0 66.0 0.0
66.0 0.0 1.0 1.0 66.0 0.0
66.0 0.0 1.0 1.0 66.0 0.0
66.0 0.0 1.0 1.0 66.0 0.0
66.0 0.0 1.0 1.0 66.0 0.0
66.0 0.0 1.0 1.0 66.0 0.0
66.0 0.0 1.0 1.0 66.0 0.0
66.0 0.0 1.0 1.0 66.0 0.0
66.0 0.0 1.0 1.0 66.0 0.0
66.0 0.0 1.0 1.0 66.0 0.0
66.0 0.0 0.5 1.0 66.0 0.0
66.0 0.0 1.0 1.0 66.0 0.0
66.0 0.0 0.5 1.0 66.0 0.0
66.0 0.0 1.0 1.0 66.0 0.0
66.0 0.0 0.5 1.0 66.0 0.0
66.0 0.0 0.5 1.0 66.0 0.0
66.0 0.0 0.5 1.0 66.0 0.0
66.0 0.0 0.5 1.0 66.0 0.0
66.0 0.0 0.5 1.0 66.0 0.0
66.0 0.0 0.5 1.0 66.0 0.0
66.0 0.0 0.5 1.0 66.0 0.0
66.0 0.0 1.0 1.0 66.0 0.0
66.0 0.0 1.0 1.0 66.0 0.0
66.0 0.0 1.0 1.0 66.0 0.0
66.0 0.0 1.0 1.0 66.0 0.0
66.0 0.0 1.0 1.0 66.0 0.0
66.0 0.0 1.0 1.0 66.0 0.0
66.0 0.0 1.0 1.0 66.0 0.0
66.0 0.0 1.0 1.0 66.0 0.0
66.0 0.0 1.0 1.0 66.0 0.0
66.0 0.0 1.0 1.0 66.0 0.0
66.0 0.0 1.0 1.0 66.0 0.0
66.0 0.0 1.0 1.0 66.0 0.0
66.0 0.0 1.0 1.0 66.0 0.0
66.0 0.0 1.0 1.0 66.0 0.0
66.0 0.0 1.0 1.5 66.0 0.0
66.0 0.0 1.0 1.5 66.0 0.0
66.0 0.0 1.0 1.5 66.0 0.0
66.0 0.0 1.0 1.6 66.0 0.0
66.0 0.0 1.0 1.6 66.0 0.0
66.0 0.0 1.0 1.5 66.0 0.0
66.0 0.0 1.0 1.5 66.0 0.0
66.0 0.0 1.0 1.3 66.0 0.0
66.0 0.0 1.0 1.3 66.0 0.0
66.0 0.0 1.0 1.0 66.0 0.0
66.0 0.0 1.0 1.0 66.0 0.0
66.0 0.0 1.0 1.0 66.0 0.0
66.0 0.0 1.0 1.0 66.0 0.0
66.0 0.0 1.0 1.0 66.0 0.0
66.0 0.0 1.0 1.0 66.0 0.0
66.0 0.0 1.0 1.0 66.0 0.0
66.0 0.0 1.0 1.0 66.0 0.0
66.0 0.0 1.0 1.0 66.0 0.0
66.0 0.0 1.0 1.0 66.0 0.0
66.0 0.0 1.0 1.0 66.0 0.0
66.0 0.0 1.0 1.0 66.0 0.0
66.0 0.0 1.0 1.0 66.0 0.0
66.0 0.0 1.0 1.0 66.0 0.0
66.0 0.0 1.0 1.0 66.0 0.0
66.0 0.0 1.0 1.0 66.0 0.0
66.0 0.0 1.0 1.0 66.0 0.0
66.0 0.0 1.0 1.0 66.0 0.0
66.0 0.0 1.0 1.0 66.0 0.0
66.0 0.0 1.0 1.0 66.0 0.0
66.0 0.0 1.0 1.0 58.0 0.0
66.0 0.0 1.0 1.0 58.0 0.0
66.0 0.0 1.0 1.0 58.0 0.0
66.0 0.0 1.0 1.0 58.0 0.0
66.0 0.0 1.0 1.0 58.0 0.0
66.0 0.0 1.0 1.0 58.0 0.0
66.0 0.0 1.0 1.0 58.0 0.0
66.0 0.0 1.0 1.0 58.0 0.0
66.0 0.0 1.0 1.0 58.0 0.0
66.0 0.0 1.0 1.0 58.0 0.0
58.0 0.0 1.0 1.0 58.0 0.0
58.0 0.0 1.0 1.0 58.0 0.0
58.0 0.0 1.0 1.0 50.0 0.0
58.0 0.0 1.0 1.0 50.0 0.0
58.0 0.0 1.0 1.0 50.0 0.0
58.0 0.0 1.0 1.0 50.0 0.0
58.0 0.0 1.0 1.0 50.0 0.0
58.0 0.0 1.0 1.0 50.0 0.0
58.0 0.0 1.0 1.0 50.0 0.0
58.0 0.0 1.0 1.0 50.0 0.0
58.0 0.0 1.0 1.0 50.0 0.0
58.0 0.0 1.0 1.0 50.0 0.0
50.0 0.0 1.0 1.7 50.0 0.0
50.0 0.0 1.0 2.2 50.0 0.0
50.0 0.0 1.0 2.5 50.0 0.0
50.0 0.0 1.0 1.9 50.0 0.0
50.0 0.0 1.0 1.5 50.0 0.0
50.0 0.0 1.0 1.0 50.0 0.0
50.0 0.0 1.0 1.0 50.0 0.0
50.0 0.0 0.5 1.0 50.0 0.0
50.0 0.0 0.5 1.0 50.0 0.0
50.0 0.0 0.5 1.0 50.0 0.0
50.0 0.0 1.0 1.0 50.0 0.0
50.0 0.0 1.0 1.0 50.0 0.0
50.0 0.0 1.0 1.0 50.0 0.0
50.0 0.0 1.0 1.0 50.0 0.0
50.0 0.0 1.0 1.0 50.0 0.0
50.0 0.0 1.0 1.0 50.0 0.0
50.0 0.0 1.0 1.0 50.0 0.0
50.0 0.0 1.0 1.0 50.0 0.0
50.0 0.0 1.0 1.0 50.0 0.0
50.0 0.0 1.0 1.0 50.0 0.0
50.0 0.0 1.0 1.0 50.0 0.0
50.0 0.0 1.0 1.0 50.0 0.0
50.0 0.0 1.0 1.0 50.0 0.0
50.0 0.0 1.0 1.0 50.0 0.0
50.0 0.0 1.0 1.0 50.0 0.0
50.0 0.0 1.0 1.0 50.0 0.0
50.0 0.0 1.0 1.4 50.0 0.0
50.0 0.0 1.0 1.8 50.0 0.0
50.0 0.0 1.0 1.9 50.0 0.0
50.0 0.0 1.0 1.9 50.0 0.0
50.0 0.0 1.0 1.5 50.0 0.0
50.0 0.0 1.0 1.0 50.0 0.0
50.0 0.0 1.0 1.0 50.0 0.0
50.0 0.0 1.0 1.0 50.0 0.0
50.0 0.0 1.0 1.0 50.0 0.0
50.0 0.0 1.0 1.5 52.0 0.0
50.0 0.0 1.0 1.5 52.0 0.0
50.0 0.0 1.0 1.7 52.0 0.0
50.0 0.0 1.0 1.7 52.0 0.0
50.0 0.0 1.0 1.3 52.0 0.0
50.0 0.0 1.0 1.0 52.0 0.0
50.0 0.0 1.0 1.3 52.0 0.0
50.0 0.0 1.0 1.6 52.0 0.0
50.0 0.0 1.0 2.1 52.0 0.0
50.0 0.0 1.0 2.6 52.0 0.0
52.0 0.0 1.0 2.0 52.0 0.0
52.0 0.0 1.0 1.5 52.0 0.0
52.0 0.0 1.0 1.0 52.0 0.0
52.0 0.0 1.0 1.0 52.0 0.0
52.0 0.0 1.0 1.0 52.0 0.0
52.0 0.0 1.0 1.2 52.0 0.0
52.0 0.0 1.0 1.7 52.0 0.0
52.0 0.0 1.0 1.7 52.0 0.0
52.0 0.0 1.0 1.6 52.0 0.0
52.0 0.0 1.0 1.0 52.0 0.0
52.0 0.0 1.0 1.0 52.0 0.0
52.0 0.0 1.0 1.0 52.0 0.0
52.0 0.0 1.0 1.0 52.0 0.0
52.0 0.0 1.0 1.0 52.0 0.0
52.0 0.0 1.0 1.0 52.0 0.0
52.0 0.0 1.0 1.0 52.0 0.0
52.0 0.0 1.0 1.0 52.0 0.0
52.0 0.0 1.0 1.0 55.0 0.0
52.0 0.0 1.0 1.0 55.0 0.0
52.0 0.0 1.0 1.0 55.0 0.0
52.0 0.0 1.0 1.0 55.0 0.0
52.0 0.0 1.0 1.0 55.0 0.0
52.0 0.0 1.0 1.0 55.0 0.0
52.0 0.0 1.0 1.0 55.0 0.0
52.0 0.0 1.0 1.0 55.0 0.0
52.0 0.0 1.0 1.0 55.0 0.0
52.0 0.0 1.0 1.0 55.0 0.0
55.0 0.0 1.0 1.0 55.0 0.0
55.0 0.0 1.0 1.0 55.0 0.0
55.0 0.0 1.0 1.0 55.0 0.0
55.0 0.0 1.0 1.0 55.0 0.0
55.0 0.0 1.0 1.0 55.0 0.0
55.0 0.0 1.0 1.0 55.0 0.0
55.0 0.0 1.0 1.0 55.0 0.0
55.0 0.0 1.0 1.0 55.0 0.0
55.0 0.0 1.0 1.0 55.0 0.0
55.0 0.0 1.0 1.0 55.0 0.0
55.0 0.0 1.0 1.0 73.0 0.0
55.0 0.0 1.0 1.0 73.0 0.0
55.0 0.0 1.0 1.0 73.0 0.0
55.0 0.0 1.0 1.0 73.0 0.0
55.0 0.0 1.0 1.0 73.0 0.0
55.0 0.0 1.0 1.0 73.0 0.0
55.0 0.0 1.0 1.0 73.0 0.0
55.0 0.0 1.0 1.0 73.0 0.0
55.0 0.0 1.0 1.0 73.0 0.0
55.0 0.0 1.0 1.0 73.0 0.0
73.0 0.0 1.0 1.0 73.0 0.0
73.0 0.0 1.0 1.0 73.0 0.0
73.0 0.0 1.0 1.0 73.0 0.0
73.0 0.0 1.0 1.0 73.0 0.0
73.0 0.0 1.0 1.0 73.0 0.0
73.0 0.0 1.0 1.0 73.0 0.0
73.0 0.0 1.0 1.0 74.0 0.0
73.0 0.0 1.0 1.0 74.0 0.0
73.0 0.0 1.0 1.0 74.0 0.0
73.0 0.0 1.0 1.0 74.0 0.0
73.0 0.0 1.0 1.0 74.0 0.0
73.0 0.0 1.0 1.0 74.0 0.0
73.0 0.0 1.0 1.0 74.0 0.0
73.0 0.0 1.0 1.0 74.0 0.0
73.0 0.0 1.0 1.0 74.0 0.0
73.0 0.0 1.0 1.0 74.0 0.0
74.0 0.0 1.0 1.0 74.0 0.0
74.0 0.0 1.0 1.0 74.0 0.0
74.0 0.0 1.0 1.0 74.0 0.0
74.0 0.0 1.0 1.0 74.0 0.0
74.0 0.0 1.0 1.0 74.0 0.0
74.0 0.0 1.0 1.0 74.0 0.0
74.0 0.0 1.0 1.0 74.0 0.0
74.0 0.0 1.0 1.0 74.0 0.0
74.0 0.0 1.0 1.0 74.0 0.0
74.0 0.0 1.0 1.0 74.0 0.0
74.0 0.0 1.0 1.0 74.0 0.0
74.0 0.0 1.0 1.0 74.0 0.0
74.0 0.0 1.0 1.0 74.0 0.0
74.0 0.0 1.0 1.0 74.0 0.0
74.0 0.0 1.0 1.2 74.0 0.0
74.0 0.0 1.0 1.2 74.0 0.0
74.0 0.0 1.0 1.6 74.0 0.0
74.0 0.0 1.0 1.6 74.0 0.0
74.0 0.0 1.0 1.4 73.0 0.0
74.0 0.0 1.0 1.4 73.0 0.0
74.0 0.0 1.0 1.0 73.0 0.0
74.0 0.0 1.0 1.0 73.0 0.0
74.0 0.0 1.0 1.0 73.0 0.0
74.0 0.0 1.0 1.0 73.0 0.0
74.0 0.0 1.0 1.0 73.0 0.0
74.0 0.0 1.0 1.0 73.0 0.0
74.0 0.0 1.0 1.0 73.0 0.0
74.0 0.0 1.0 1.0 73.0 0.0
73.0 0.0 1.0 1.0 73.0 0.0
73.0 0.0 1.0 1.0 73.0 0.0
73.0 0.0 1.0 1.0 73.0 0.0
73.0 0.0 1.0 1.4 73.0 0.0
73.0 0.0 1.0 1.2 73.0 0.0
73.0 0.0 1.0 1.0 73.0 0.0
73.0 0.0 1.0 1.0 73.0 0.0
73.0 0.0 1.0 1.0 73.0 0.0
73.0 0.0 1.0 1.0 73.0 0.0
73.0 0.0 1.0 1.3 73.0 0.0
73.0 0.0 1.0 1.3 73.0 0.0
73.0 0.0 1.0 1.3 73.0 0.0
73.0 0.0 1.0 1.3 73.0 0.0
73.0 0.0 1.0 1.0 73.0 0.0
73.0 0.0 1.0 1.0 73.0 0.0
73.0 0.0 1.0 1.0 73.0 0.0
73.0 0.0 1.0 1.0 73.0 0.0
73.0 0.0 1.0 1.0 73.0 0.0
73.0 0.0 1.0 1.0 73.0 0.0
73.0 0.0 1.0 1.0 73.0 0.0
73.0 0.0 1.0 1.0 73.0 0.0
73.0 0.0 1.0 1.0 73.0 0.0
73.0 0.0 1.0 1.0 73.0 0.0
73.0 0.0 1.0 1.0 73.0 0.0
73.0 0.0 1.0 1.0 73.0 0.0
73.0 0.0 1.0 1.0 73.0 0.0
73.0 0.0 1.0 1.0 73.0 0.0
73.0 0.0 1.0 1.0 73.0 0.0
73.0 0.0 1.0 1.0 73.0 0.0
73.0 0.0 1.0 1.0 73.0 0.0
73.0 0.0 1.0 1.0 73.0 0.0
73.0 0.0 1.0 1.0 73.0 0.0
73.0 0.0 1.0 1.0 73.0 0.0
73.0 0.0 1.0 1.0 73.0 0.0
73.0 0.0 1.0 1.0 73.0 0.0
73.0 0.0 1.0 1.0 73.0 0.0
73.0 0.0 1.0 1.0 73.0 0.0
73.0 0.0 1.0 1.0 73.0 0.0
73.0 0.0 1.0 1.0 73.0 0.0
73.0 0.0 1.0 1.0 73.0 0.0
73.0 0.0 1.0 1.0 73.0 0.0
73.0 0.0 1.0 1.0 73.0 0.0
73.0 0.0 1.0 1.0 73.0 0.0
73.0 0.0 1.0 1.0 73.0 0.0
73.0 0.0 1.0 1.0 73.0 0.0
73.0 0.0 1.0 1.3 73.0 0.0
73.0 0.0 1.0 1.3 73.0 0.0
73.0 0.0 1.0 1.6 73.0 0.0
73.0 0.0 1.0 1.3 73.0 0.0
73.0 0.0 1.0 1.0 73.0 0.0
73.0 0.0 1.0 1.4 73.0 0.0
73.0 0.0 1.0 1.4 73.0 0.0
73.0 0.0 1.0 1.6 73.0 0.0
73.0 0.0 1.0 1.5 73.0 0.0
73.0 0.0 1.0 1.6 73.0 0.0
73.0 0.0 1.0 1.0 73.0 0.0
73.0 0.0 1.0 1.0 72.0 0.0
73.0 0.0 1.0 1.0 72.0 0.0
73.0 0.0 1.0 1.0 72.0 0.0
73.0 0.0 1.0 1.0 72.0 0.0
73.0 0.0 1.0 1.0 72.0 0.0
73.0 0.0 1.0 1.0 72.0 0.0
73.0 0.0 1.0 1.0 72.0 0.0
73.0 0.0 1.0 1.0 72.0 0.0
73.0 0.0 1.0 1.0 72.0 0.0
73.0 0.0 1.0 1.0 72.0 0.0
72.0 0.0 1.0 1.0 72.0 0.0
72.0 0.0 1.0 1.0 72.0 0.0
72.0 0.0 1.0 1.0 72.0 0.0
72.0 0.0 1.0 1.0 72.0 0.0
72.0 0.0 1.0 1.0 72.0 0.0
72.0 0.0 1.0 1.0 72.0 0.0
72.0 0.0 1.0 1.0 72.0 0.0
72.0 0.0 1.0 1.0 72.0 0.0
72.0 0.0 1.0 1.0 72.0 0.0
72.0 0.0 1.0 1.0 72.0 0.0
72.0 0.0 1.0 1.0 72.0 0.0
72.0 0.0 1.0 1.0 72.0 0.0
72.0 0.0 1.0 1.0 72.0 0.0
72.0 0.0 1.0 1.0 72.0 0.0
72.0 0.0 1.0 1.0 72.0 0.0
72.0 0.0 1.0 1.0 72.0 0.0
72.0 0.0 1.0 1.0 72.0 0.0
72.0 0.0 1.0 1.0 72.0 0.0
72.0 0.0 1.0 1.0 72.0 0.0
72.0 0.0 1.0 1.0 71.0 0.0
72.0 0.0 1.0 1.0 71.0 0.0
72.0 0.0 1.0 1.0 71.0 0.0
72.0 0.0 1.0 1.0 71.0 0.0
72.0 0.0 1.0 1.0 71.0 0.0
72.0 0.0 1.0 1.0 71.0 0.0
72.0 0.0 1.0 1.0 71.0 0.0
72.0 0.0 1.0 1.0 71.0 0.0
72.0 0.0 1.0 1.0 71.0 0.0
72.0 0.0 1.0 1.0 71.0 0.0
71.0 0.0 1.0 1.0 71.0 0.0
71.0 0.0 1.0 1.0 71.0 0.0
71.0 0.0 1.0 1.0 71.0 0.0
71.0 0.0 1.0 1.0 71.0 0.0
71.0 0.0 1.0 1.0 71.0 0.0
71.0 0.0 1.0 1.0 71.0 0.0
71.0 0.0 1.0 1.0 71.0 0.0
71.0 0.0 1.0 1.0 71.0 0.0
71.0 0.0 1.0 1.0 71.0 0.0
71.0 0.0 1.0 1.0 71.0 0.0
71.0 0.0 1.0 1.0 71.0 0.0
71.0 0.0 1.0 1.0 71.0 0.0
71.0 0.0 1.0 1.0 71.0 0.0
71.0 0.0 1.0 1.0 71.0 0.0
71.0 0.0 1.0 1.0 71.0 0.0
71.0 0.0 1.0 1.0 71.0 0.0
71.0 0.0 1.0 1.0 71.0 0.0
71.0 0.0 1.0 1.0 71.0 0.0
71.0 0.0 1.0 1.0 71.0 0.0
71.0 0.0 1.0 1.0 71.0 0.0
71.0 0.0 1.0 1.0 71.0 0.0
71.0 0.0 1.0 1.0 71.0 0.0
71.0 0.0 1.0 1.0 71.0 0.0
71.0 0.0 1.0 1.0 71.0 0.0
71.0 0.0 1.0 1.0 71.0 0.0
71.0 0.0 1.0 1.0 71.0 0.0
71.0 0.0 1.0 1.0 69.0 0.0
71.0 0.0 1.0 1.0 69.0 0.0
71.0 0.0 1.0 1.0 69.0 0.0
71.0 0.0 1.0 1.0 69.0 0.0
71.0 0.0 1.0 1.0 69.0 0.0
71.0 0.0 1.0 1.0 69.0 0.0
71.0 0.0 1.0 1.0 69.0 0.0
71.0 0.0 1.0 1.0 69.0 0.0
71.0 0.0 1.0 1.0 69.0 0.0
71.0 0.0 1.0 1.0 69.0 0.0
69.0 0.0 1.0 1.0 69.0 0.0
69.0 0.0 1.0 1.0 69.0 0.0
69.0 0.0 1.0 1.0 69.0 0.0
69.0 0.0 1.0 1.0 69.0 0.0
69.0 0.0 1.0 1.0 69.0 0.0
69.0 0.0 1.0 1.0 69.0 0.0
69.0 0.0 1.0 1.0 69.0 0.0
69.0 0.0 1.0 1.0 66.0 0.0
69.0 0.0 1.0 1.0 66.0 0.0
69.0 0.0 1.0 1.0 66.0 0.0
69.0 0.0 1.0 1.0 66.0 0.0
69.0 0.0 1.0 1.0 66.0 0.0
69.0 0.0 0.0 1.0 66.0 0.0
69.0 0.0 0.0 1.0 66.0 0.0
69.0 0.0 0.0 1.0 66.0 0.0
69.0 0.0 0.0 1.0 66.0 0.0
69.0 0.0 0.0 1.0 66.0 0.0
66.0 0.0 0.0 1.0 66.0 0.0
66.0 0.0 0.0 1.0 66.0 0.0
66.0 0.0 0.0 1.0 66.0 0.0
66.0 0.0 0.0 1.0 66.0 0.0
66.0 0.0 0.0 1.0 66.0 0.0
66.0 0.0 0.0 1.0 66.0 0.0
66.0 0.0 0.0 1.0 66.0 0.0
66.0 0.0 0.0 1.0 66.0 0.0
66.0 0.0 0.0 1.0 66.0 0.0
66.0 0.0 0.0 1.0 66.0 0.0
66.0 0.0 0.0 1.0 66.0 0.0
66.0 0.0 0.0 1.0 66.0 0.0
66.0 0.0 0.0 1.0 66.0 0.0
66.0 0.0 0.0 1.0 66.0 0.0
66.0 0.0 0.0 1.0 66.0 0.0
66.0 0.0 0.0 1.0 66.0 0.0
66.0 0.0 0.0 1.0 66.0 0.0
66.0 0.0 0.0 1.0 66.0 0.0
66.0 0.0 0.0 1.0 66.0 0.0
66.0 0.0 0.0 1.0 66.0 0.0
66.0 0.0 0.0 1.0 66.0 0.0
66.0 0.0 0.0 1.0 66.0 0.0
66.0 0.0 0.0 1.0 66.0 0.0
66.0 0.0 0.0 1.0 66.0 0.0
66.0 0.0 0.0 1.0 66.0 0.0
66.0 0.0 0.0 1.0 66.0 0.0
66.0 0.0 0.0 1.0 66.0 0.0
66.0 0.0 0.0 1.0 66.0 0.0
66.0 0.0 0.0 1.0 66.0 0.0
66.0 0.0 0.0 1.0 66.0 0.0
66.0 0.0 0.0 1.0 66.0 0.0
66.0 0.0 0.0 1.0 66.0 0.0
66.0 0.0 0.0 1.0 66.0 0.0
66.0 0.0 0.0 1.0 66.0 0.0
66.0 0.0 0.0 1.0 65.0 0.0
66.0 0.0 0.0 1.0 66.0 0.0
66.0 0.0 0.0 1.0 65.0 0.0
66.0 0.0 0.0 1.0 65.0 0.0
66.0 0.0 0.0 1.0 65.0 0.0
66.0 0.0 0.0 1.0 65.0 0.0
66.0 0.0 0.0 1.0 65.0 0.0
66.0 0.0 0.0 1.0 65.0 0.0
66.0 0.0 0.0 1.0 65.0 0.0
66.0 0.0 0.0 1.0 65.0 0.0
65.0 0.0 0.0 1.0 65.0 0.0
66.0 0.0 0.0 1.0 65.0 0.0
65.0 0.0 0.0 1.0 65.0 0.0
65.0 0.0 0.0 1.0 65.0 0.0
65.0 0.0 0.0 1.0 65.0 0.0
65.0 0.0 0.0 1.0 65.0 0.0
65.0 0.0 0.0 1.0 65.0 0.0
65.0 0.0 0.0 1.0 65.0 0.0
65.0 0.0 0.0 1.0 65.0 0.0
65.0 0.0 0.0 1.0 65.0 0.0
65.0 0.0 0.0 1.0 65.0 0.0
65.0 0.0 0.0 1.0 65.0 0.0
65.0 0.0 0.0 1.0 65.0 0.0
65.0 0.0 0.0 1.0 65.0 0.0
65.0 0.0 0.0 1.0 65.0 0.0
65.0 0.0 0.0 1.0 65.0 0.0
65.0 0.0 0.0 1.0 65.0 0.0
65.0 0.0 0.0 1.0 65.0 0.0
65.0 0.0 0.0 1.0 65.0 0.0
65.0 0.0 0.0 1.0 65.0 0.0
65.0 0.0 0.0 1.0 65.0 0.0
65.0 0.0 0.0 1.0 65.0 0.0
65.0 0.0 0.0 1.0 65.0 0.0
65.0 0.0 0.0 1.0 65.0 0.0
65.0 0.0 0.0 1.0 65.0 0.0
65.0 0.0 0.0 1.0 65.0 0.0
65.0 0.0 0.0 1.0 65.0 0.0
65.0 0.0 0.0 1.0 65.0 0.0
65.0 0.0 0.0 1.0 65.0 0.0
65.0 0.0 0.0 1.0 65.0 0.0
65.0 0.0 0.0 1.0 65.0 0.0
65.0 0.0 0.0 1.0 65.0 0.0
65.0 0.0 0.0 1.0 65.0 0.0
65.0 0.0 0.0 1.0 65.0 0.0
65.0 0.0 0.0 1.0 65.0 0.0
65.0 0.0 0.0 1.0 65.0 0.0
65.0 0.0 0.0 1.0 65.0 0.0
65.0 0.0 0.0 1.0 65.0 0.0
65.0 0.0 0.0 1.0 63.0 0.0
65.0 0.0 0.0 1.0 63.0 0.0
65.0 0.0 0.0 1.0 63.0 0.0
65.0 0.0 0.0 1.0 63.0 0.0
65.0 0.0 0.0 1.0 63.0 0.0
65.0 0.0 0.0 1.0 63.0 0.0
65.0 0.0 0.0 1.0 63.0 0.0
65.0 0.0 1.0 1.0 63.0 0.0
65.0 0.0 1.0 1.0 63.0 0.0
65.0 0.0 1.0 1.0 63.0 0.0
63.0 0.0 0.0 1.0 63.0 0.0
63.0 0.0 0.0 1.0 63.0 0.0
63.0 0.0 0.0 1.0 63.0 0.0
63.0 0.0 0.0 1.0 63.0 0.0
63.0 0.0 0.0 1.0 63.0 0.0
63.0 0.0 0.0 1.0 63.0 0.0
63.0 0.0 0.0 1.0 63.0 0.0
63.0 0.0 0.0 1.0 63.0 0.0
63.0 0.0 0.0 1.0 63.0 0.0
63.0 0.0 0.0 1.0 63.0 0.0
63.0 0.0 0.0 1.0 63.0 0.0
63.0 0.0 0.0 1.0 63.0 0.0
63.0 0.0 0.0 1.0 63.0 0.0
63.0 0.0 0.0 1.0 63.0 0.0
63.0 0.0 0.0 1.0 63.0 0.0
63.0 0.0 0.0 1.0 63.0 0.0
63.0 0.0 0.0 1.0 63.0 0.0
63.0 0.0 0.0 1.0 63.0 0.0
63.0 0.0 0.0 1.0 63.0 0.0
63.0 0.0 0.0 1.0 63.0 0.0
63.0 0.0 0.0 1.0 63.0 0.0
63.0 0.0 0.0 1.0 63.0 0.0
63.0 0.0 0.0 1.0 63.0 0.0
63.0 0.0 0.0 1.0 63.0 0.0
63.0 0.0 0.0 1.0 62.0 0.0
63.0 0.0 0.0 1.0 62.0 0.0
63.0 0.0 0.0 1.0 62.0 0.0
63.0 0.0 0.0 1.0 62.0 0.0
63.0 0.0 0.0 1.0 62.0 0.0
63.0 0.0 0.0 1.0 62.0 0.0
63.0 0.0 0.0 1.0 62.0 0.0
63.0 0.0 0.0 1.0 62.0 0.0
63.0 0.0 0.0 1.0 62.0 0.0
63.0 0.0 0.0 1.0 62.0 0.0
62.0 0.0 0.0 1.0 62.0 0.0
62.0 0.0 0.0 1.0 62.0 0.0
62.0 0.0 0.0 1.0 62.0 0.0
62.0 0.0 0.0 1.0 62.0 0.0
62.0 0.0 0.0 1.0 62.0 0.0
62.0 0.0 0.0 1.0 62.0 0.0
62.0 0.0 0.0 1.0 62.0 0.0
62.0 0.0 0.0 1.0 62.0 0.0
62.0 0.0 0.0 1.0 62.0 0.0
62.0 0.0 0.0 1.0 62.0 0.0
62.0 0.0 0.0 1.0 62.0 0.0
62.0 0.0 0.0 1.0 62.0 0.0
62.0 0.0 0.0 1.0 62.0 0.0
62.0 0.0 0.0 1.0 62.0 0.0
62.0 0.0 0.0 1.0 60.0 0.0
62.0 0.0 0.0 1.0 60.0 0.0
62.0 0.0 0.0 1.0 60.0 0.0
62.0 0.0 0.0 1.0 60.0 0.0
62.0 0.0 0.0 1.0 60.0 0.0
62.0 0.0 0.0 1.0 60.0 0.0
62.0 0.0 0.0 1.0 60.0 0.0
62.0 0.0 0.0 1.0 60.0 0.0
62.0 0.0 0.0 1.0 60.0 0.0
62.0 0.0 0.0 1.0 60.0 0.0
60.0 0.0 1.0 1.0 60.0 0.0
60.0 0.0 1.0 1.0 60.0 0.0
60.0 0.0 1.0 1.0 60.0 0.0
60.0 0.0 1.0 1.0 60.0 0.0
60.0 0.0 1.0 1.0 60.0 0.0
60.0 0.0 1.0 1.0 60.0 0.0
60.0 0.0 1.0 1.0 60.0 0.0
60.0 0.0 1.0 1.0 60.0 0.0
60.0 0.0 1.0 1.0 60.0 0.0
60.0 0.0 1.0 1.0 60.0 0.0
60.0 0.0 1.0 1.0 60.0 0.0
60.0 0.0 1.0 1.0 60.0 0.0
60.0 0.0 1.0 1.0 60.0 0.0
60.0 0.0 1.0 1.0 60.0 0.0
60.0 0.0 1.0 1.0 60.0 0.0
60.0 0.0 1.0 1.0 60.0 0.0
60.0 0.0 1.0 1.0 60.0 0.0
60.0 0.0 1.0 1.0 61.0 0.0
60.0 0.0 1.0 1.0 61.0 0.0
60.0 0.0 1.0 1.0 61.0 0.0
60.0 0.0 1.0 1.0 61.0 0.0
60.0 0.0 1.0 1.0 60.0 0.0
60.0 0.0 1.0 1.0 60.0 0.0
60.0 0.0 1.0 1.0 60.0 0.0
60.0 0.0 1.0 1.0 60.0 0.0
60.0 0.0 1.0 1.0 60.0 0.0
60.0 0.0 1.0 1.0 60.0 0.0
61.0 0.0 1.0 1.0 60.0 0.0
61.0 0.0 1.0 1.0 60.0 0.0
61.0 0.0 1.0 1.0 60.0 0.0
61.0 0.0 1.0 1.0 60.0 0.0
60.0 0.0 1.0 1.0 60.0 0.0
60.0 0.0 1.0 1.0 60.0 0.0
60.0 0.0 1.0 1.0 60.0 0.0
60.0 0.0 1.0 1.0 60.0 0.0
60.0 0.0 1.0 1.0 60.0 0.0
60.0 0.0 1.0 1.0 60.0 0.0
60.0 0.0 1.0 1.0 60.0 0.0
60.0 0.0 1.0 1.0 60.0 0.0
60.0 0.0 1.0 1.0 60.0 0.0
60.0 0.0 1.0 1.0 60.0 0.0
60.0 0.0 1.0 1.0 60.0 0.0
60.0 0.0 1.0 1.0 60.0 0.0
60.0 0.0 1.0 1.0 60.0 0.0
60.0 0.0 1.0 1.0 60.0 0.0
60.0 0.0 1.0 1.0 60.0 0.0
60.0 0.0 1.0 1.0 60.0 0.0
60.0 0.0 1.0 1.0 60.0 0.0
60.0 0.0 1.0 1.0 60.0 0.0
60.0 0.0 1.0 1.0 60.0 0.0
60.0 0.0 1.0 1.0 60.0 0.0
60.0 0.0 1.0 1.0 60.0 0.0
60.0 0.0 1.0 1.0 60.0 0.0
60.0 0.0 1.0 1.0 60.0 0.0
60.0 0.0 1.0 1.0 60.0 0.0
60.0 0.0 1.0 1.0 60.0 0.0
60.0 0.0 1.0 1.0 59.0 0.0
60.0 0.0 1.0 1.0 59.0 0.0
60.0 0.0 1.0 1.0 59.0 0.0
60.0 0.0 1.0 1.0 59.0 0.0
60.0 0.0 1.0 1.0 59.0 0.0
60.0 0.0 1.0 1.0 59.0 0.0
